#time,accel_x,accel_y,accel_z
4015.689927,-1532.190996,1258.350101,9474.636058
4015.690242,-919.314598,1480.411884,9178.553681
4015.690558,-689.485948,1406.391290,8586.388927
4015.690873,0.000000,1628.453072,7994.224174
4015.691188,0.000000,1480.411884,8586.388927
4015.691504,-306.438199,962.267725,9474.636058
4015.691819,-383.047749,444.123565,9474.636058
4015.692134,-766.095498,-0.000000,10066.800811
4015.692450,-689.485948,-666.185348,10510.924376
4015.692765,-842.705048,-666.185348,10140.821405
4015.693081,-536.266849,-370.102971,9918.759623
4015.693396,-459.657299,-592.164754,9696.697840
4015.693711,-306.438199,-592.164754,9696.697840
4015.694027,229.828649,-444.123565,8882.471304
4015.694342,153.219100,-296.082377,8512.368333
4015.694657,612.876398,-444.123565,8882.471304
4015.694973,536.266849,-814.226536,8734.430116
4015.695288,766.095498,-888.247130,9030.512492
4015.695603,689.485948,-888.247130,9326.594869
4015.695919,919.314598,-1406.391290,9252.574275
4015.696234,689.485948,-1184.329507,8734.430116
4015.696550,459.657299,-1258.350101,8660.409521
4015.696865,229.828649,-1036.288319,8882.471304
4015.697180,536.266849,-1110.308913,8660.409521
4015.697496,-306.438199,-888.247130,8956.491898
4015.697811,0.000000,-666.185348,8882.471304
4015.698126,-383.047749,-888.247130,8956.491898
4015.698442,-306.438199,-888.247130,9178.553681
4015.698757,-612.876398,-740.205942,9474.636058
4015.699072,-766.095498,-814.226536,9622.677246
4015.699388,-1072.533697,-888.247130,9770.718434
4015.699703,-1072.533697,-666.185348,9918.759623
4015.700018,-766.095498,-962.267725,9992.780217
4015.700334,-1149.143247,-370.102971,10214.842000
4015.700649,-1302.362347,-0.000000,9696.697840
4015.700965,-1072.533697,-222.061783,9548.656652
4015.701280,-766.095498,-0.000000,9400.615463
4015.701595,-612.876398,-74.020594,8956.491898
4015.701911,-229.828649,296.082377,9252.574275
4015.702226,-306.438199,222.061783,9622.677246
4015.702541,0.000000,296.082377,9770.718434
4015.702857,0.000000,444.123565,9178.553681
4015.703172,153.219100,370.102971,9474.636058
4015.703487,689.485948,518.144159,9548.656652
4015.703803,536.266849,592.164754,9548.656652
4015.704118,1072.533697,962.267725,9104.533087
4015.704433,842.705048,888.247130,9252.574275
4015.704749,612.876398,1184.329507,9030.512492
4015.705064,1072.533697,1258.350101,8512.368333
4015.705380,995.924147,1406.391290,9326.594869
4015.705695,766.095498,1036.288319,9252.574275
4015.706010,689.485948,1110.308913,9622.677246
4015.706326,612.876398,962.267725,10362.883188
4015.706641,459.657299,1110.308913,10288.862594
4015.706956,306.438199,1332.370696,10214.842000
4015.707272,229.828649,1406.391290,9992.780217
4015.707587,76.609550,1332.370696,10214.842000
4015.707902,0.000000,1184.329507,10288.862594
4015.708218,0.000000,1332.370696,10436.903782
4015.708533,0.000000,1406.391290,10214.842000
4015.708848,153.219100,1036.288319,10510.924376
4015.709164,306.438199,888.247130,10510.924376
4015.709479,459.657299,962.267725,10732.986159
4015.709795,0.000000,370.102971,10807.006753
4015.710110,0.000000,518.144159,10436.903782
4015.710425,536.266849,740.205942,9844.739029
4015.710741,536.266849,518.144159,9918.759623
4015.711056,842.705048,444.123565,10066.800811
4015.711371,689.485948,370.102971,9696.697840
4015.711687,612.876398,-0.000000,9474.636058
4015.712002,536.266849,-0.000000,9474.636058
4015.712317,689.485948,-74.020594,9326.594869
4015.712633,536.266849,-0.000000,9400.615463
4015.712948,536.266849,-74.020594,9622.677246
4015.713264,383.047749,-222.061783,9770.718434
4015.713579,306.438199,-296.082377,9474.636058
4015.713894,0.000000,-0.000000,9252.574275
4015.714210,306.438199,-370.102971,9326.594869
4015.714525,229.828649,-148.041188,9400.615463
4015.714840,76.609550,-148.041188,9252.574275
4015.715156,0.000000,-592.164754,9252.574275
4015.715471,0.000000,-444.123565,9326.594869
4015.715786,-536.266849,-814.226536,9104.533087
4015.716102,-459.657299,-740.205942,9400.615463
4015.716417,-306.438199,-666.185348,9400.615463
4015.716732,-536.266849,-740.205942,9326.594869
4015.717048,0.000000,-1110.308913,9400.615463
4015.717363,-153.219100,-666.185348,9252.574275
4015.717679,0.000000,-444.123565,9252.574275
4015.717994,-229.828649,-666.185348,9104.533087
4015.718309,459.657299,-740.205942,9326.594869
4015.718625,153.219100,-814.226536,8956.491898
4015.718940,459.657299,-740.205942,9178.553681
4015.719255,76.609550,-444.123565,9252.574275
4015.719571,229.828649,-592.164754,9178.553681
4015.719886,76.609550,-740.205942,9104.533087
4015.720201,383.047749,-518.144159,9400.615463
4015.720517,306.438199,-592.164754,9622.677246
4015.720832,153.219100,-222.061783,9474.636058
4015.721147,383.047749,-296.082377,9030.512492
4015.721463,459.657299,-74.020594,9252.574275
4015.721778,459.657299,-74.020594,9696.697840
4015.722094,229.828649,-296.082377,9474.636058
4015.722409,0.000000,-444.123565,9474.636058
4015.722724,0.000000,-222.061783,9696.697840
4015.723040,0.000000,-222.061783,10066.800811
4015.723355,0.000000,-0.000000,10066.800811
4015.723670,76.609550,-74.020594,9696.697840
4015.723986,-306.438199,-0.000000,10066.800811
4015.724301,0.000000,148.041188,9918.759623
4015.724616,0.000000,-0.000000,9992.780217
4015.724932,76.609550,296.082377,9992.780217
4015.725247,153.219100,592.164754,10066.800811
4015.725562,76.609550,592.164754,9770.718434
4015.725878,76.609550,518.144159,9844.739029
4015.726193,0.000000,370.102971,9918.759623
4015.726509,76.609550,962.267725,9918.759623
4015.726824,0.000000,740.205942,9844.739029
4015.727139,229.828649,666.185348,9622.677246
4015.727455,383.047749,444.123565,9696.697840
4015.727770,0.000000,740.205942,9770.718434
4015.728085,612.876398,814.226536,9548.656652
4015.728401,153.219100,1110.308913,9622.677246
4015.728716,229.828649,1332.370696,9548.656652
4015.729031,459.657299,1036.288319,9696.697840
4015.729347,306.438199,1184.329507,9844.739029
4015.729662,229.828649,1036.288319,9918.759623
4015.729977,0.000000,1110.308913,9548.656652
4015.730292,0.000000,1110.308913,9918.759623
4015.730607,0.000000,888.247130,9844.739029
4015.730922,153.219100,1184.329507,9474.636058
4015.731237,0.000000,962.267725,9770.718434
4015.731552,-229.828649,814.226536,9770.718434
4015.731867,-306.438199,888.247130,9770.718434
4015.732182,-153.219100,814.226536,9548.656652
4015.732497,-153.219100,444.123565,9548.656652
4015.732812,0.000000,370.102971,9622.677246
4015.733127,0.000000,370.102971,9696.697840
4015.733442,0.000000,-0.000000,9474.636058
4015.733757,0.000000,296.082377,9474.636058
4015.734072,229.828649,518.144159,9622.677246
4015.734387,0.000000,-0.000000,9326.594869
4015.734702,306.438199,-148.041188,9548.656652
4015.735017,229.828649,-370.102971,9400.615463
4015.735332,306.438199,-148.041188,9178.553681
4015.735647,536.266849,-0.000000,9474.636058
4015.735962,459.657299,-222.061783,9474.636058
4015.736277,229.828649,-518.144159,9178.553681
4015.736592,536.266849,-444.123565,9326.594869
4015.736907,459.657299,-222.061783,9252.574275
4015.737222,153.219100,-444.123565,9326.594869
4015.737537,306.438199,-592.164754,9326.594869
4015.737852,0.000000,-814.226536,9104.533087
4015.738167,-383.047749,-888.247130,9252.574275
4015.738482,-229.828649,-444.123565,9400.615463
4015.738797,0.000000,-518.144159,9178.553681
4015.739112,76.609550,-296.082377,9474.636058
4015.739427,76.609550,-0.000000,9326.594869
4015.739742,383.047749,-296.082377,9326.594869
4015.740056,0.000000,-74.020594,9104.533087
4015.740371,0.000000,-148.041188,9326.594869
4015.740686,-153.219100,-222.061783,9030.512492
4015.741001,153.219100,-592.164754,9400.615463
4015.741316,306.438199,-74.020594,9548.656652
4015.741631,0.000000,-0.000000,9474.636058
4015.741946,-229.828649,-0.000000,9178.553681
4015.742261,0.000000,-0.000000,9400.615463
4015.742576,76.609550,-0.000000,9326.594869
4015.742891,153.219100,-74.020594,8956.491898
4015.743206,153.219100,-0.000000,9178.553681
4015.743521,153.219100,-0.000000,9400.615463
4015.743836,-229.828649,-0.000000,9474.636058
4015.744151,153.219100,-0.000000,9252.574275
4015.744466,383.047749,-0.000000,9474.636058
4015.744781,0.000000,296.082377,10066.800811
4015.745096,306.438199,-0.000000,9474.636058
4015.745411,0.000000,-0.000000,9474.636058
4015.745726,153.219100,444.123565,9844.739029
4015.746041,0.000000,666.185348,9844.739029
4015.746356,153.219100,518.144159,10140.821405
4015.746671,229.828649,296.082377,9992.780217
4015.746986,306.438199,518.144159,9918.759623
4015.747301,383.047749,518.144159,9696.697840
4015.747616,229.828649,592.164754,10214.842000
4015.747931,0.000000,444.123565,10288.862594
4015.748246,229.828649,296.082377,10140.821405
4015.748561,229.828649,370.102971,10214.842000
4015.748876,229.828649,518.144159,9770.718434
4015.749191,76.609550,222.061783,10214.842000
4015.749506,459.657299,666.185348,10214.842000
4015.749821,76.609550,740.205942,10066.800811
4015.750136,153.219100,666.185348,10066.800811
4015.750451,536.266849,592.164754,9844.739029
4015.750766,76.609550,962.267725,10584.944971
4015.751081,536.266849,740.205942,10436.903782
4015.751396,76.609550,888.247130,10066.800811
4015.751711,153.219100,518.144159,9992.780217
4015.752026,153.219100,592.164754,9622.677246
4015.752341,76.609550,814.226536,10066.800811
4015.752656,459.657299,814.226536,9844.739029
4015.752971,0.000000,666.185348,9622.677246
4015.753286,76.609550,666.185348,9844.739029
4015.753601,0.000000,666.185348,9474.636058
4015.753916,76.609550,666.185348,9696.697840
4015.754231,0.000000,296.082377,9622.677246
4015.754546,0.000000,222.061783,9474.636058
4015.754861,-229.828649,296.082377,9326.594869
4015.755176,76.609550,296.082377,9400.615463
4015.755491,459.657299,370.102971,9622.677246
4015.755805,0.000000,222.061783,9326.594869
4015.756120,0.000000,-74.020594,9178.553681
4015.756435,0.000000,-0.000000,9400.615463
4015.756750,-383.047749,-0.000000,9474.636058
4015.757065,153.219100,-222.061783,9474.636058
4015.757380,153.219100,-148.041188,9622.677246
4015.757695,306.438199,-74.020594,9178.553681
4015.758010,153.219100,-148.041188,9326.594869
4015.758325,612.876398,-0.000000,9474.636058
4015.758640,229.828649,-296.082377,9474.636058
4015.758955,0.000000,-444.123565,9474.636058
4015.759270,229.828649,-370.102971,9252.574275
4015.759585,153.219100,-444.123565,9178.553681
4015.759900,306.438199,-444.123565,9474.636058
4015.760215,383.047749,-370.102971,9770.718434
4015.760530,153.219100,-222.061783,9770.718434
4015.760845,76.609550,-444.123565,9696.697840
4015.761160,76.609550,-74.020594,9252.574275
4015.761475,229.828649,-296.082377,9104.533087
4015.761790,536.266849,-444.123565,10140.821405
4015.762105,76.609550,-296.082377,9548.656652
4015.762420,76.609550,-74.020594,9548.656652
4015.762735,0.000000,-370.102971,9548.656652
4015.763050,306.438199,-222.061783,9770.718434
4015.763365,306.438199,-148.041188,9770.718434
4015.763680,-229.828649,-148.041188,9400.615463
4015.763995,76.609550,-222.061783,9548.656652
4015.764310,0.000000,-0.000000,9474.636058
4015.764625,76.609550,-0.000000,9326.594869
4015.764940,-766.095498,-222.061783,9622.677246
4015.765255,0.000000,-0.000000,9252.574275
4015.765570,229.828649,148.041188,9326.594869
4015.765885,0.000000,-0.000000,9474.636058
4015.766200,0.000000,-0.000000,9474.636058
4015.766515,459.657299,370.102971,9548.656652
4015.766830,229.828649,222.061783,9104.533087
4015.767145,0.000000,370.102971,9400.615463
4015.767460,153.219100,370.102971,9474.636058
4015.767775,153.219100,370.102971,9548.656652
4015.768090,306.438199,-74.020594,9622.677246
4015.768405,0.000000,370.102971,9474.636058
4015.768720,0.000000,296.082377,9474.636058
4015.769035,0.000000,666.185348,9622.677246
4015.769350,153.219100,296.082377,9770.718434
4015.769665,-153.219100,518.144159,9770.718434
4015.769980,153.219100,370.102971,9622.677246
4015.770295,0.000000,370.102971,10066.800811
4015.770610,0.000000,444.123565,9844.739029
4015.770925,76.609550,444.123565,9992.780217
4015.771240,0.000000,-0.000000,10288.862594
4015.771554,0.000000,370.102971,9918.759623
4015.771869,-229.828649,518.144159,9918.759623
4015.772184,0.000000,370.102971,9844.739029
4015.772499,0.000000,518.144159,10214.842000
4015.772814,0.000000,296.082377,9918.759623
4015.773129,0.000000,148.041188,9770.718434
4015.773444,153.219100,370.102971,9918.759623
4015.773759,76.609550,370.102971,10214.842000
4015.774074,76.609550,222.061783,9770.718434
4015.774389,153.219100,370.102971,9622.677246
4015.774704,76.609550,444.123565,10066.800811
4015.775019,229.828649,296.082377,9992.780217
4015.775334,76.609550,444.123565,9770.718434
4015.775649,153.219100,222.061783,9918.759623
4015.775964,0.000000,-0.000000,9400.615463
4015.776279,0.000000,-0.000000,9622.677246
4015.776594,0.000000,222.061783,9474.636058
4015.776909,0.000000,-0.000000,9548.656652
4015.777224,459.657299,370.102971,9400.615463
4015.777539,0.000000,-0.000000,9400.615463
4015.777854,0.000000,-0.000000,9252.574275
4015.778169,0.000000,148.041188,9326.594869
4015.778484,536.266849,-0.000000,9400.615463
4015.778799,0.000000,-0.000000,9252.574275
4015.779114,459.657299,-0.000000,9474.636058
4015.779429,76.609550,-74.020594,9178.553681
4015.779744,229.828649,-0.000000,9474.636058
4015.780059,0.000000,-296.082377,9474.636058
4015.780374,383.047749,-222.061783,8882.471304
4015.780689,153.219100,-222.061783,9400.615463
4015.781004,0.000000,-148.041188,9548.656652
4015.781319,229.828649,-74.020594,9474.636058
4015.781634,383.047749,-222.061783,9400.615463
4015.781949,0.000000,-0.000000,9696.697840
4015.782264,0.000000,-296.082377,9474.636058
4015.782579,76.609550,-0.000000,9696.697840
4015.782894,153.219100,-148.041188,9326.594869
4015.783209,229.828649,-74.020594,9474.636058
4015.783524,0.000000,-0.000000,10288.862594
4015.783839,153.219100,-148.041188,9622.677246
4015.784154,0.000000,-0.000000,9696.697840
4015.784469,0.000000,-148.041188,9622.677246
4015.784784,-383.047749,-148.041188,9696.697840
4015.785099,0.000000,222.061783,9696.697840
4015.785414,0.000000,-296.082377,9844.739029
4015.785729,0.000000,-222.061783,9622.677246
4015.786044,306.438199,222.061783,9474.636058
4015.786359,76.609550,222.061783,9696.697840
4015.786674,0.000000,148.041188,9548.656652
4015.786989,229.828649,148.041188,9696.697840
4015.787303,0.000000,-0.000000,9474.636058
4015.787618,306.438199,-0.000000,9474.636058
4015.787933,153.219100,222.061783,9548.656652
4015.788248,0.000000,148.041188,9474.636058
4015.788563,459.657299,296.082377,9474.636058
4015.788878,76.609550,222.061783,9400.615463
4015.789193,0.000000,-0.000000,9548.656652
4015.789508,0.000000,370.102971,9326.594869
4015.789823,76.609550,518.144159,9844.739029
4015.790138,0.000000,370.102971,9326.594869
4015.790453,153.219100,666.185348,9548.656652
4015.790768,306.438199,444.123565,9696.697840
4015.791083,306.438199,-0.000000,9770.718434
4015.791398,76.609550,666.185348,9770.718434
4015.791713,459.657299,592.164754,9548.656652
4015.792028,76.609550,370.102971,9548.656652
4015.792343,76.609550,518.144159,9918.759623
4015.792658,229.828649,-0.000000,9770.718434
4015.792973,153.219100,-0.000000,9474.636058
4015.793288,76.609550,518.144159,9548.656652
4015.793603,76.609550,592.164754,9844.739029
4015.793918,76.609550,370.102971,9622.677246
4015.794233,612.876398,370.102971,9918.759623
4015.794548,0.000000,74.020594,9770.718434
4015.794863,76.609550,370.102971,9844.739029
4015.795178,383.047749,592.164754,9770.718434
4015.795493,612.876398,592.164754,9770.718434
4015.795808,383.047749,370.102971,10066.800811
4015.796123,0.000000,148.041188,9622.677246
4015.796438,153.219100,-0.000000,9622.677246
4015.796753,153.219100,296.082377,9770.718434
4015.797068,306.438199,370.102971,9770.718434
4015.797383,229.828649,296.082377,9918.759623
4015.797698,0.000000,-0.000000,9474.636058
4015.798013,0.000000,-0.000000,9622.677246
4015.798328,229.828649,-0.000000,9622.677246
4015.798643,229.828649,-0.000000,9474.636058
4015.798958,0.000000,444.123565,9548.656652
4015.799273,0.000000,222.061783,9252.574275
4015.799588,0.000000,370.102971,9474.636058
4015.799903,153.219100,-0.000000,9474.636058
4015.800218,536.266849,-296.082377,9474.636058
4015.800533,229.828649,-148.041188,9548.656652
4015.800848,459.657299,222.061783,9104.533087
4015.801163,153.219100,-0.000000,9030.512492
4015.801478,306.438199,-0.000000,9400.615463
4015.801793,229.828649,-444.123565,9696.697840
4015.802108,76.609550,-0.000000,9622.677246
4015.802423,0.000000,-296.082377,9252.574275
4015.802738,0.000000,-148.041188,9474.636058
4015.803053,0.000000,-0.000000,9548.656652
4015.803367,383.047749,74.020594,9548.656652
4015.803682,229.828649,-444.123565,9252.574275
4015.803997,153.219100,-0.000000,9622.677246
4015.804312,383.047749,-0.000000,9400.615463
4015.804627,383.047749,-0.000000,9474.636058
4015.804942,76.609550,-0.000000,9622.677246
4015.805257,0.000000,-0.000000,9474.636058
4015.805572,76.609550,-0.000000,9548.656652
4015.805887,0.000000,-0.000000,9696.697840
4015.806202,0.000000,-0.000000,9770.718434
4015.806517,0.000000,-0.000000,9992.780217
4015.806832,-459.657299,-148.041188,9770.718434
4015.807147,0.000000,-148.041188,9548.656652
4015.807462,0.000000,-0.000000,9992.780217
4015.807777,0.000000,-0.000000,9696.697840
4015.808092,0.000000,-0.000000,9770.718434
4015.808407,0.000000,-74.020594,9474.636058
4015.808722,0.000000,-0.000000,9548.656652
4015.809037,0.000000,-0.000000,9696.697840
4015.809352,0.000000,-0.000000,9548.656652
4015.809667,0.000000,-0.000000,9844.739029
4015.809982,0.000000,-0.000000,9474.636058
4015.810297,0.000000,-148.041188,9992.780217
4015.810612,0.000000,222.061783,9548.656652
4015.810927,0.000000,296.082377,9400.615463
4015.811242,-229.828649,222.061783,9474.636058
4015.811557,0.000000,222.061783,9326.594869
4015.811872,76.609550,518.144159,9474.636058
4015.812187,229.828649,-0.000000,9474.636058
4015.812502,306.438199,-0.000000,9918.759623
4015.812817,0.000000,148.041188,9548.656652
4015.813132,0.000000,-0.000000,9474.636058
4015.813447,306.438199,370.102971,9696.697840
4015.813762,153.219100,222.061783,9992.780217
4015.814077,229.828649,296.082377,9696.697840
4015.814392,-229.828649,-0.000000,9474.636058
4015.814707,306.438199,-0.000000,9400.615463
4015.815022,536.266849,222.061783,9844.739029
4015.815337,0.000000,222.061783,9770.718434
4015.815652,153.219100,296.082377,9770.718434
4015.815967,459.657299,296.082377,9622.677246
4015.816282,153.219100,-0.000000,9400.615463
4015.816597,0.000000,148.041188,9622.677246
4015.816912,153.219100,148.041188,9844.739029
4015.817227,383.047749,222.061783,9696.697840
4015.817542,0.000000,148.041188,9474.636058
4015.817857,0.000000,-0.000000,9770.718434
4015.818172,0.000000,148.041188,9844.739029
4015.818487,0.000000,-0.000000,9622.677246
4015.818802,153.219100,148.041188,9474.636058
4015.819116,0.000000,-0.000000,9548.656652
4015.819431,-229.828649,-74.020594,9474.636058
4015.819746,0.000000,-0.000000,9474.636058
4015.820061,0.000000,-74.020594,9474.636058
4015.820376,76.609550,-0.000000,9252.574275
4015.820691,0.000000,148.041188,9326.594869
4015.821006,0.000000,-0.000000,9622.677246
4015.821321,0.000000,-74.020594,9252.574275
4015.821636,-229.828649,-74.020594,9400.615463
4015.821951,0.000000,-0.000000,9400.615463
4015.822266,0.000000,-0.000000,9400.615463
4015.822581,153.219100,222.061783,9474.636058
4015.822896,229.828649,-296.082377,9030.512492
4015.823211,76.609550,-148.041188,9696.697840
4015.823526,76.609550,-0.000000,9918.759623
4015.823841,229.828649,-0.000000,9326.594869
4015.824156,306.438199,-0.000000,9548.656652
4015.824471,383.047749,-0.000000,9844.739029
4015.824786,306.438199,-74.020594,9474.636058
4015.825101,0.000000,-0.000000,9178.553681
4015.825416,229.828649,-0.000000,8956.491898
4015.825731,229.828649,-0.000000,9770.718434
4015.826046,76.609550,-0.000000,9474.636058
4015.826361,383.047749,-222.061783,9770.718434
4015.826676,-306.438199,-0.000000,9696.697840
4015.826991,0.000000,-0.000000,9548.656652
4015.827306,153.219100,-0.000000,9474.636058
4015.827621,76.609550,-0.000000,9696.697840
4015.827936,0.000000,-444.123565,9844.739029
4015.828251,0.000000,-0.000000,9622.677246
4015.828566,0.000000,-0.000000,9696.697840
4015.828881,76.609550,-0.000000,9770.718434
4015.829196,76.609550,148.041188,9622.677246
4015.829511,153.219100,222.061783,9696.697840
4015.829826,-306.438199,-0.000000,9474.636058
4015.830141,-229.828649,-0.000000,9548.656652
4015.830456,76.609550,-0.000000,9326.594869
4015.830771,0.000000,296.082377,9844.739029
4015.831086,0.000000,592.164754,10140.821405
4015.831401,0.000000,148.041188,9326.594869
4015.831716,0.000000,370.102971,9622.677246
4015.832031,76.609550,592.164754,9474.636058
4015.832346,0.000000,222.061783,9400.615463
4015.832661,153.219100,592.164754,9474.636058
4015.832977,229.828649,222.061783,9474.636058
4015.833292,76.609550,222.061783,9770.718434
4015.833607,0.000000,-0.000000,9326.594869
4015.833922,0.000000,296.082377,9474.636058
4015.834237,229.828649,296.082377,9622.677246
4015.834552,0.000000,444.123565,9252.574275
4015.834867,76.609550,444.123565,9770.718434
4015.835182,76.609550,296.082377,9696.697840
4015.835497,0.000000,222.061783,9696.697840
4015.835812,76.609550,222.061783,9400.615463
4015.836128,229.828649,518.144159,9622.677246
4015.836443,229.828649,444.123565,9844.739029
4015.836758,229.828649,370.102971,9770.718434
4015.837073,689.485948,592.164754,9696.697840
4015.837388,0.000000,518.144159,9844.739029
4015.837703,0.000000,296.082377,9622.677246
4015.838018,0.000000,370.102971,9770.718434
4015.838333,229.828649,370.102971,9844.739029
4015.838648,536.266849,-0.000000,9770.718434
4015.838963,-306.438199,222.061783,9400.615463
4015.839278,-459.657299,148.041188,9548.656652
4015.839594,0.000000,-0.000000,9548.656652
4015.839909,0.000000,370.102971,9770.718434
4015.840224,-612.876398,296.082377,9844.739029
4015.840539,-919.314598,370.102971,9844.739029
4015.840854,-1149.143247,518.144159,9548.656652
4015.841169,-1225.752797,444.123565,9696.697840
4015.841484,-842.705048,148.041188,9992.780217
4015.841799,-766.095498,222.061783,10066.800811
4015.842114,-612.876398,592.164754,9548.656652
4015.842429,-689.485948,814.226536,9400.615463
4015.842745,-459.657299,1184.329507,9252.574275
4015.843060,-306.438199,1184.329507,8882.471304
4015.843375,-383.047749,1554.432478,8512.368333
4015.843690,-995.924147,1480.411884,8586.388927
4015.844005,-1378.971896,1480.411884,9178.553681
4015.844320,-2068.457845,1184.329507,8586.388927
4015.844635,-2911.162892,1184.329507,8734.430116
4015.844950,-2604.724693,296.082377,9992.780217
4015.845265,-3064.381992,814.226536,9548.656652
4015.845580,-3294.210641,962.267725,9918.759623
4015.845896,-2987.772442,1554.432478,10066.800811
4015.846211,-3140.991542,1702.473667,9622.677246
4015.846526,-2681.334243,2368.659014,9326.594869
4015.846841,-2451.505594,2960.823768,9326.594869
4015.847156,-1991.848295,3182.885551,9104.533087
4015.847471,-1685.410096,3256.906145,9326.594869
4015.847786,-1685.410096,3404.947333,9400.615463
4015.848101,-1685.410096,3256.906145,9696.697840
4015.848416,-1685.410096,2886.803174,9770.718434
4015.848731,-2068.457845,2812.782580,9992.780217
4015.849046,-2374.896044,2664.741391,10362.883188
4015.849362,-2298.286494,1998.556043,10955.047942
4015.849677,-2145.067394,2368.659014,10066.800811
4015.849992,-1685.410096,2368.659014,9992.780217
4015.850307,-1532.190996,2590.720797,9696.697840
4015.850622,-1532.190996,2960.823768,9252.574275
4015.850937,-1302.362347,3256.906145,9474.636058
4015.851252,-1225.752797,3552.988522,9252.574275
4015.851567,-1302.362347,3701.029710,9252.574275
4015.851882,-1608.800546,3552.988522,9326.594869
4015.852197,-1608.800546,3330.926739,10066.800811
4015.852513,-2528.115143,2960.823768,11029.068536
4015.852828,-2145.067394,2738.761985,11103.089130
4015.853143,-1838.629195,2590.720797,11177.109724
4015.853458,-1762.019645,2886.803174,11251.130318
4015.853773,-1532.190996,2664.741391,11251.130318
4015.854088,-1149.143247,3108.864956,10881.027347
4015.854403,-689.485948,3182.885551,9844.739029
4015.854718,-306.438199,3108.864956,9548.656652
4015.855033,0.000000,3330.926739,8734.430116
4015.855348,306.438199,2590.720797,8882.471304
4015.855664,-383.047749,2442.679609,9030.512492
4015.855979,-459.657299,2072.576638,9104.533087
4015.856294,-612.876398,1850.514855,9474.636058
4015.856609,-995.924147,1332.370696,10140.821405
4015.856924,-1072.533697,814.226536,10732.986159
4015.857239,-995.924147,444.123565,10658.965565
4015.857554,-689.485948,888.247130,10732.986159
4015.857869,-229.828649,888.247130,10807.006753
4015.858184,306.438199,888.247130,10510.924376
4015.858499,1072.533697,1184.329507,10436.903782
4015.858815,2068.457845,1406.391290,9474.636058
4015.859130,2451.505594,1036.288319,9030.512492
4015.859445,2451.505594,1406.391290,8808.450710
4015.859760,2298.286494,1480.411884,8882.471304
4015.860075,1915.238745,1184.329507,8364.327145
4015.860390,1072.533697,518.144159,8364.327145
4015.860705,612.876398,-0.000000,8438.347739
4015.861020,-459.657299,-1036.288319,9400.615463
4015.861335,-1149.143247,-1628.453072,9770.718434
4015.861650,-2145.067394,-2220.617826,10214.842000
4015.861965,-2528.115143,-2146.597232,10436.903782
4015.862281,-2068.457845,-1850.514855,10510.924376
4015.862596,-1762.019645,-1406.391290,10214.842000
4015.862911,-1378.971896,-592.164754,9918.759623
4015.863226,-1072.533697,-518.144159,9844.739029
4015.863541,-536.266849,-0.000000,9474.636058
4015.863856,0.000000,740.205942,8734.430116
4015.864171,-383.047749,518.144159,8660.409521
4015.864486,689.485948,296.082377,8660.409521
4015.864801,0.000000,-74.020594,9178.553681
4015.865116,-306.438199,-1184.329507,9696.697840
4015.865432,-383.047749,-2072.576638,10362.883188
4015.865747,-612.876398,-2886.803174,10436.903782
4015.866062,-536.266849,-3108.864956,10362.883188
4015.866377,-383.047749,-3034.844362,9770.718434
4015.866692,-306.438199,-2590.720797,8734.430116
4015.867007,306.438199,-2146.597232,8438.347739
4015.867322,383.047749,-962.267725,7994.224174
4015.867637,995.924147,-296.082377,7550.100608
4015.867952,766.095498,222.061783,6735.874072
4015.868267,0.000000,-222.061783,7254.018232
4015.868583,-153.219100,-222.061783,8142.265362
4015.868898,-612.876398,-814.226536,9252.574275
4015.869213,-1302.362347,-1332.370696,10140.821405
4015.869528,-1532.190996,-1776.494261,10881.027347
4015.869843,-1149.143247,-1554.432478,10881.027347
4015.870158,-1225.752797,-1480.411884,11177.109724
4015.870473,-536.266849,-740.205942,10510.924376
4015.870788,0.000000,-0.000000,10584.944971
4015.871103,459.657299,666.185348,9178.553681
4015.871418,689.485948,1184.329507,8586.388927
4015.871733,842.705048,1110.308913,8216.285956
4015.872049,1225.752797,592.164754,8364.327145
4015.872364,1608.800546,-0.000000,8586.388927
4015.872679,1302.362347,-296.082377,9030.512492
4015.872994,1302.362347,-296.082377,9326.594869
4015.873309,1378.971896,-592.164754,9622.677246
4015.873624,1685.410096,-666.185348,9252.574275
4015.873939,1762.019645,-0.000000,9622.677246
4015.874254,1455.581446,444.123565,9474.636058
4015.874569,919.314598,1110.308913,8956.491898
4015.874884,766.095498,1332.370696,8586.388927
4015.875200,0.000000,1480.411884,9030.512492
4015.875515,0.000000,1480.411884,9178.553681
4015.875830,-459.657299,1480.411884,9696.697840
4015.876145,-536.266849,962.267725,10362.883188
4015.876460,-383.047749,1110.308913,10955.047942
4015.876775,-842.705048,1036.288319,11547.212695
4015.877090,0.000000,1332.370696,11547.212695
4015.877405,383.047749,1702.473667,10955.047942
4015.877720,919.314598,1850.514855,10732.986159
4015.878035,1685.410096,2368.659014,9992.780217
4015.878351,1455.581446,2368.659014,9918.759623
4015.878666,1225.752797,2442.679609,9252.574275
4015.878981,1532.190996,1998.556043,8956.491898
4015.879296,1149.143247,1850.514855,9178.553681
4015.879611,612.876398,740.205942,9474.636058
4015.879926,229.828649,222.061783,9918.759623
4015.880241,-306.438199,-0.000000,10214.842000
4015.880556,-306.438199,-148.041188,10584.944971
4015.880871,-919.314598,-222.061783,10362.883188
4015.881186,-612.876398,-0.000000,10436.903782
4015.881502,-766.095498,444.123565,10288.862594
4015.881817,-919.314598,1036.288319,10214.842000
4015.882132,-995.924147,1702.473667,9696.697840
4015.882447,-842.705048,1702.473667,9400.615463
4015.882762,-766.095498,1554.432478,9992.780217
4015.883077,-919.314598,1554.432478,10140.821405
4015.883392,-1149.143247,962.267725,9844.739029
4015.883707,-1378.971896,666.185348,9844.739029
4015.884022,-766.095498,-0.000000,10140.821405
4015.884337,-842.705048,-0.000000,10436.903782
4015.884652,-383.047749,-296.082377,10066.800811
4015.884968,-459.657299,-592.164754,9992.780217
4015.885283,-229.828649,-592.164754,9474.636058
4015.885598,76.609550,-444.123565,9178.553681
4015.885913,842.705048,-518.144159,9326.594869
4015.886228,1149.143247,-888.247130,8364.327145
4015.886543,1302.362347,-296.082377,8216.285956
4015.886858,1302.362347,-518.144159,8142.265362
4015.887173,1302.362347,-296.082377,8290.306550
4015.887488,1302.362347,-222.061783,8586.388927
4015.887803,1149.143247,-370.102971,8438.347739
4015.888119,536.266849,-518.144159,8512.368333
4015.888434,0.000000,-888.247130,8956.491898
4015.888749,0.000000,-740.205942,9474.636058
4015.889064,-536.266849,-1110.308913,9918.759623
4015.889379,-1149.143247,-740.205942,10288.862594
4015.889694,-1302.362347,-888.247130,10140.821405
4015.890009,-1225.752797,-888.247130,9992.780217
4015.890324,-689.485948,-370.102971,9992.780217
4015.890639,-459.657299,-592.164754,10140.821405
4015.890954,76.609550,-370.102971,9770.718434
4015.891270,766.095498,-444.123565,9548.656652
4015.891585,766.095498,-222.061783,9474.636058
4015.891900,766.095498,-0.000000,9622.677246
4015.892215,1608.800546,-666.185348,9622.677246
4015.892530,1685.410096,-444.123565,9844.739029
4015.892845,1762.019645,-666.185348,9252.574275
4015.893160,1225.752797,-1110.308913,8956.491898
4015.893475,919.314598,-1110.308913,9326.594869
4015.893790,842.705048,-962.267725,9252.574275
4015.894105,689.485948,-814.226536,8882.471304
4015.894420,612.876398,-666.185348,8734.430116
4015.894736,0.000000,-592.164754,8882.471304
4015.895051,0.000000,-222.061783,9622.677246
4015.895366,-612.876398,-592.164754,9844.739029
4015.895681,-919.314598,-592.164754,10214.842000
4015.895996,-1455.581446,-74.020594,10510.924376
4015.896311,-1149.143247,-74.020594,10510.924376
4015.896626,-1225.752797,-0.000000,10881.027347
4015.896941,-383.047749,222.061783,10436.903782
4015.897256,-536.266849,592.164754,10214.842000
4015.897571,229.828649,962.267725,9770.718434
4015.897887,612.876398,1258.350101,9696.697840
4015.898202,766.095498,1406.391290,9252.574275
4015.898517,766.095498,888.247130,9030.512492
4015.898832,536.266849,888.247130,8956.491898
4015.899147,536.266849,444.123565,9030.512492
4015.899462,612.876398,222.061783,9030.512492
4015.899777,459.657299,-148.041188,9622.677246
4015.900092,0.000000,-370.102971,9548.656652
4015.900407,0.000000,-74.020594,9326.594869
4015.900722,-153.219100,-0.000000,8956.491898
4015.901038,0.000000,518.144159,9030.512492
4015.901353,-229.828649,962.267725,8956.491898
4015.901668,-306.438199,1554.432478,8956.491898
4015.901983,-383.047749,1702.473667,9178.553681
4015.902298,-689.485948,1998.556043,9252.574275
4015.902613,-842.705048,1776.494261,9844.739029
4015.902928,-842.705048,1480.411884,10066.800811
4015.903243,-1149.143247,1406.391290,10955.047942
4015.903558,-1072.533697,1332.370696,10881.027347
4015.903873,-1072.533697,814.226536,10510.924376
4015.904189,-459.657299,1036.288319,10436.903782
4015.904504,0.000000,962.267725,10436.903782
4015.904819,0.000000,1258.350101,9918.759623
4015.905134,459.657299,1332.370696,9252.574275
4015.905449,612.876398,1110.308913,9252.574275
4015.905764,1072.533697,888.247130,9178.553681
4015.906079,1378.971896,370.102971,9326.594869
4015.906394,1225.752797,370.102971,9474.636058
4015.906709,995.924147,-0.000000,9548.656652
4015.907024,1072.533697,222.061783,9622.677246
4015.907339,1302.362347,-0.000000,9770.718434
4015.907655,1072.533697,-0.000000,9548.656652
4015.907970,689.485948,370.102971,9326.594869
4015.908285,306.438199,888.247130,9178.553681
4015.908600,0.000000,1036.288319,9400.615463
4015.908915,-229.828649,1036.288319,9622.677246
4015.909230,-536.266849,740.205942,9992.780217
4015.909545,-995.924147,444.123565,10066.800811
4015.909860,-1225.752797,370.102971,10288.862594
4015.910175,-995.924147,-0.000000,10732.986159
4015.910490,-766.095498,74.020594,10807.006753
4015.910806,-76.609550,370.102971,10881.027347
4015.911121,153.219100,222.061783,10362.883188
4015.911436,383.047749,296.082377,9400.615463
4015.911751,919.314598,444.123565,9178.553681
4015.912066,1072.533697,222.061783,9326.594869
4015.912381,1378.971896,-0.000000,8734.430116
4015.912696,1608.800546,-74.020594,8882.471304
4015.913011,1532.190996,-148.041188,8734.430116
4015.913326,919.314598,-592.164754,9326.594869
4015.913641,612.876398,-1110.308913,9252.574275
4015.913957,689.485948,-888.247130,9400.615463
4015.914272,383.047749,-1036.288319,9474.636058
4015.914587,153.219100,-666.185348,9178.553681
4015.914902,76.609550,-444.123565,9326.594869
4015.915217,-383.047749,-814.226536,9622.677246
4015.915532,-459.657299,-592.164754,9474.636058
4015.915847,-766.095498,-370.102971,9844.739029
4015.916162,-995.924147,-296.082377,9992.780217
4015.916477,-766.095498,-222.061783,10140.821405
4015.916792,-919.314598,-0.000000,10140.821405
4015.917107,-1072.533697,-370.102971,10140.821405
4015.917423,-995.924147,-296.082377,10140.821405
4015.917738,-536.266849,-222.061783,9770.718434
4015.918053,-229.828649,-592.164754,9770.718434
4015.918368,76.609550,-518.144159,9622.677246
4015.918683,0.000000,-592.164754,9326.594869
4015.918998,0.000000,-962.267725,9252.574275
4015.919313,459.657299,-888.247130,9252.574275
4015.919628,536.266849,-1406.391290,8882.471304
4015.919943,842.705048,-1184.329507,8956.491898
4015.920258,612.876398,-1332.370696,8956.491898
4015.920574,536.266849,-888.247130,9104.533087
4015.920889,459.657299,-444.123565,8660.409521
4015.921204,919.314598,-222.061783,8882.471304
4015.921519,229.828649,-0.000000,8956.491898
4015.921834,0.000000,296.082377,8956.491898
4015.922149,-306.438199,-0.000000,9030.512492
4015.922464,-842.705048,-148.041188,9696.697840
4015.922779,-995.924147,-0.000000,10362.883188
4015.923094,-1302.362347,-0.000000,10658.965565
4015.923409,-1302.362347,296.082377,10807.006753
4015.923725,-1532.190996,444.123565,10732.986159
4015.924040,-689.485948,222.061783,10732.986159
4015.924355,-306.438199,518.144159,9918.759623
4015.924670,306.438199,962.267725,9696.697840
4015.924985,919.314598,1332.370696,9548.656652
4015.925300,1532.190996,1554.432478,9178.553681
4015.925615,1225.752797,1184.329507,8734.430116
4015.925930,1455.581446,962.267725,8882.471304
4015.926245,1455.581446,518.144159,8808.450710
4015.926560,1532.190996,296.082377,9252.574275
4015.926875,1149.143247,-0.000000,9474.636058
4015.927191,766.095498,-296.082377,9400.615463
4015.927506,536.266849,-148.041188,9844.739029
4015.927821,459.657299,-0.000000,9548.656652
4015.928136,383.047749,518.144159,9474.636058
4015.928451,229.828649,1110.308913,9548.656652
4015.928766,0.000000,1036.288319,9622.677246
4015.929081,0.000000,1554.432478,9696.697840
4015.929396,0.000000,1628.453072,10436.903782
4015.929711,-536.266849,1258.350101,10362.883188
4015.930026,-612.876398,888.247130,10881.027347
4015.930342,-229.828649,1110.308913,11473.192101
4015.930657,-76.609550,814.226536,10732.986159
4015.930972,-459.657299,740.205942,10807.006753
4015.931287,153.219100,888.247130,10214.842000
4015.931602,612.876398,666.185348,10140.821405
4015.931917,383.047749,666.185348,10214.842000
4015.932232,459.657299,1110.308913,9770.718434
4015.932547,766.095498,518.144159,9474.636058
4015.932863,1072.533697,-0.000000,8882.471304
4015.933178,1378.971896,-74.020594,9030.512492
4015.933493,995.924147,-0.000000,9622.677246
4015.933808,842.705048,-370.102971,9474.636058
4015.934123,919.314598,-148.041188,9104.533087
4015.934438,919.314598,-222.061783,9030.512492
4015.934754,842.705048,370.102971,8512.368333
4015.935069,0.000000,444.123565,8956.491898
4015.935384,0.000000,740.205942,8734.430116
4015.935699,-383.047749,740.205942,9178.553681
4015.936014,-995.924147,444.123565,9326.594869
4015.936329,-1532.190996,222.061783,9622.677246
4015.936644,-995.924147,-0.000000,10214.842000
4015.936960,-2068.457845,-148.041188,10362.883188
4015.937275,-1608.800546,-0.000000,10066.800811
4015.937590,-1225.752797,-444.123565,10066.800811
4015.937905,-536.266849,-222.061783,9918.759623
4015.938220,0.000000,-222.061783,9770.718434
4015.938535,0.000000,370.102971,9400.615463
4015.938851,306.438199,370.102971,8956.491898
4015.939166,306.438199,222.061783,8956.491898
4015.939481,995.924147,-0.000000,8882.471304
4015.939796,842.705048,-592.164754,9030.512492
4015.940111,995.924147,-814.226536,9030.512492
4015.940426,842.705048,-1258.350101,8660.409521
4015.940742,689.485948,-814.226536,9400.615463
4015.941057,689.485948,-814.226536,9474.636058
4015.941372,459.657299,-1184.329507,8808.450710
4015.941687,306.438199,-1036.288319,8882.471304
4015.942002,0.000000,-592.164754,9104.533087
4015.942317,-229.828649,-370.102971,9178.553681
4015.942632,-383.047749,-222.061783,9622.677246
4015.942948,-612.876398,-296.082377,10214.842000
4015.943263,-766.095498,-148.041188,10658.965565
4015.943578,-689.485948,-0.000000,10288.862594
4015.943893,-459.657299,-0.000000,9992.780217
4015.944208,-383.047749,-0.000000,10584.944971
4015.944523,0.000000,-0.000000,10436.903782
4015.944839,306.438199,-0.000000,10066.800811
4015.945154,995.924147,370.102971,9918.759623
4015.945469,919.314598,296.082377,9770.718434
4015.945784,919.314598,222.061783,9474.636058
4015.946099,1149.143247,-222.061783,9474.636058
4015.946414,1608.800546,-74.020594,9252.574275
4015.946729,1149.143247,-296.082377,8808.450710
4015.947045,1225.752797,-74.020594,9252.574275
4015.947360,1072.533697,-444.123565,9104.533087
4015.947675,689.485948,-148.041188,8882.471304
4015.947990,383.047749,-74.020594,9030.512492
4015.948305,153.219100,148.041188,8882.471304
4015.948620,0.000000,148.041188,9474.636058
4015.948936,-383.047749,444.123565,9326.594869
4015.949251,-536.266849,592.164754,9918.759623
4015.949566,-919.314598,814.226536,10066.800811
4015.949881,-1072.533697,814.226536,10362.883188
4015.950196,-1072.533697,666.185348,10807.006753
4015.950511,-1072.533697,740.205942,11177.109724
4015.950826,-1072.533697,740.205942,10510.924376
4015.951142,-612.876398,814.226536,9696.697840
4015.951457,0.000000,962.267725,9918.759623
4015.951772,459.657299,814.226536,9992.780217
4015.952087,766.095498,740.205942,9326.594869
4015.952402,76.609550,370.102971,8882.471304
4015.952717,536.266849,370.102971,8956.491898
4015.953033,1072.533697,222.061783,8956.491898
4015.953348,995.924147,-0.000000,8882.471304
4015.953663,1302.362347,-592.164754,9474.636058
4015.953978,459.657299,-592.164754,9474.636058
4015.954293,306.438199,-74.020594,9326.594869
4015.954608,153.219100,-0.000000,8882.471304
4015.954923,383.047749,222.061783,9400.615463
4015.955239,-306.438199,962.267725,9548.656652
4015.955554,-153.219100,1480.411884,9474.636058
4015.955869,-383.047749,1258.350101,9548.656652
4015.956184,-536.266849,814.226536,9918.759623
4015.956499,-1072.533697,962.267725,10066.800811
4015.956814,-995.924147,888.247130,10881.027347
4015.957130,-1455.581446,666.185348,10732.986159
4015.957445,-1225.752797,370.102971,10584.944971
4015.957760,-919.314598,814.226536,10510.924376
4015.958075,-612.876398,666.185348,10140.821405
4015.958390,0.000000,296.082377,9918.759623
4015.958705,459.657299,1184.329507,9622.677246
4015.959021,383.047749,962.267725,9252.574275
4015.959336,536.266849,592.164754,9104.533087
4015.959651,919.314598,444.123565,9030.512492
4015.959966,1072.533697,-0.000000,9030.512492
4015.960281,1378.971896,-0.000000,9178.553681
4015.960596,1072.533697,-74.020594,9252.574275
4015.960911,1302.362347,-296.082377,8882.471304
4015.961227,1302.362347,-0.000000,9252.574275
4015.961542,1072.533697,-296.082377,8808.450710
4015.961857,612.876398,-0.000000,8808.450710
4015.962172,306.438199,518.144159,9474.636058
4015.962487,229.828649,296.082377,9622.677246
4015.962802,-459.657299,148.041188,9548.656652
4015.963118,-383.047749,370.102971,9622.677246
4015.963433,-612.876398,148.041188,10288.862594
4015.963748,-842.705048,-0.000000,10510.924376
4015.964063,-689.485948,-74.020594,10658.965565
4015.964378,-383.047749,-296.082377,10658.965565
4015.964693,-306.438199,-296.082377,10510.924376
4015.965008,459.657299,-222.061783,10436.903782
4015.965324,766.095498,-148.041188,9252.574275
4015.965639,842.705048,222.061783,9474.636058
4015.965954,766.095498,148.041188,9326.594869
4015.966269,1302.362347,-74.020594,9178.553681
4015.966584,1455.581446,-296.082377,9400.615463
4015.966899,1455.581446,-444.123565,9178.553681
4015.967215,842.705048,-592.164754,9400.615463
4015.967530,842.705048,-740.205942,9474.636058
4015.967845,459.657299,-962.267725,9474.636058
4015.968160,383.047749,-1110.308913,9178.553681
4015.968475,459.657299,-814.226536,9178.553681
4015.968790,0.000000,-74.020594,9030.512492
4015.969105,0.000000,-148.041188,9326.594869
4015.969421,-383.047749,-0.000000,9178.553681
4015.969736,-842.705048,-0.000000,9474.636058
4015.970051,-612.876398,-148.041188,9770.718434
4015.970366,-842.705048,-0.000000,10066.800811
4015.970681,-1072.533697,-148.041188,10066.800811
4015.970996,-1225.752797,-444.123565,10288.862594
4015.971312,-689.485948,-0.000000,9844.739029
4015.971627,-612.876398,-296.082377,9992.780217
4015.971942,0.000000,-0.000000,9918.759623
4015.972257,0.000000,148.041188,9622.677246
4015.972572,383.047749,-74.020594,8956.491898
4015.972887,306.438199,-0.000000,9030.512492
4015.973202,995.924147,-444.123565,9474.636058
4015.973518,995.924147,-666.185348,9474.636058
4015.973833,842.705048,-444.123565,9030.512492
4015.974148,689.485948,-740.205942,8956.491898
4015.974463,919.314598,-444.123565,8882.471304
4015.974778,689.485948,-222.061783,8956.491898
4015.975093,689.485948,-148.041188,9030.512492
4015.975409,612.876398,-74.020594,9178.553681
4015.975724,76.609550,296.082377,8956.491898
4015.976039,-536.266849,148.041188,9030.512492
4015.976354,-459.657299,370.102971,9548.656652
4015.976669,-995.924147,370.102971,10214.842000
4015.976984,-1378.971896,222.061783,10510.924376
4015.977299,-1378.971896,370.102971,10881.027347
4015.977615,-1532.190996,518.144159,11029.068536
4015.977930,-1302.362347,888.247130,11029.068536
4015.978245,-536.266849,740.205942,10584.944971
4015.978560,0.000000,740.205942,10140.821405
4015.978875,383.047749,666.185348,9622.677246
4015.979190,766.095498,1332.370696,9400.615463
4015.979506,919.314598,1406.391290,9030.512492
4015.979821,1225.752797,1110.308913,9030.512492
4015.980136,1532.190996,814.226536,8956.491898
4015.980451,1378.971896,-0.000000,9104.533087
4015.980766,1072.533697,-370.102971,9696.697840
4015.981081,536.266849,-444.123565,9474.636058
4015.981397,689.485948,-222.061783,8808.450710
4015.981712,689.485948,148.041188,9474.636058
4015.982027,459.657299,148.041188,9548.656652
4015.982342,153.219100,666.185348,9326.594869
4015.982657,229.828649,1110.308913,9548.656652
4015.982972,0.000000,1110.308913,9548.656652
4015.983287,459.657299,962.267725,9622.677246
4015.983603,0.000000,1036.288319,9844.739029
4015.983918,-689.485948,1036.288319,10881.027347
4015.984233,-766.095498,592.164754,10955.047942
4015.984548,-689.485948,518.144159,10362.883188
4015.984863,-153.219100,444.123565,10362.883188
4015.985178,0.000000,666.185348,9918.759623
4015.985494,383.047749,444.123565,10066.800811
4015.985809,153.219100,592.164754,9622.677246
4015.986124,306.438199,222.061783,9474.636058
4015.986439,459.657299,-0.000000,9252.574275
4015.986754,1225.752797,-0.000000,9178.553681
4015.987069,995.924147,-74.020594,9178.553681
4015.987384,1225.752797,-148.041188,9474.636058
4015.987700,536.266849,-370.102971,9474.636058
4015.988015,536.266849,-222.061783,9104.533087
4015.988330,766.095498,-74.020594,8956.491898
4015.988645,459.657299,-0.000000,9178.553681
4015.988960,0.000000,222.061783,9548.656652
4015.989275,-459.657299,592.164754,9326.594869
4015.989591,-766.095498,444.123565,9400.615463
4015.989906,-1149.143247,296.082377,9474.636058
4015.990221,-919.314598,222.061783,9992.780217
4015.990536,-1455.581446,-0.000000,10214.842000
4015.990851,-1378.971896,-0.000000,10066.800811
4015.991166,-1302.362347,-0.000000,10288.862594
4015.991481,-1072.533697,-222.061783,10436.903782
4015.991797,-689.485948,148.041188,9770.718434
4015.992112,-229.828649,-0.000000,9326.594869
4015.992427,153.219100,-0.000000,9178.553681
4015.992742,0.000000,-74.020594,9178.553681
4015.993057,766.095498,296.082377,8882.471304
4015.993372,995.924147,222.061783,8734.430116
4015.993688,1225.752797,-148.041188,9104.533087
4015.994003,919.314598,-296.082377,9030.512492
4015.994318,766.095498,-814.226536,8586.388927
4015.994633,766.095498,-814.226536,9326.594869
4015.994948,766.095498,-888.247130,9474.636058
4015.995263,536.266849,-518.144159,8956.491898
4015.995578,536.266849,-370.102971,9252.574275
4015.995894,306.438199,-222.061783,9326.594869
4015.996209,0.000000,-0.000000,9474.636058
4015.996524,0.000000,518.144159,9474.636058
4015.996839,-536.266849,-0.000000,9696.697840
4015.997154,76.609550,-0.000000,9992.780217
4015.997469,-766.095498,-0.000000,10288.862594
4015.997785,-536.266849,-148.041188,10658.965565
4015.998100,-383.047749,-0.000000,10807.006753
4015.998415,-306.438199,-0.000000,10510.924376
4015.998730,76.609550,444.123565,10658.965565
4015.999045,612.876398,296.082377,9918.759623
4015.999360,689.485948,740.205942,9696.697840
4015.999676,842.705048,518.144159,9474.636058
4015.999991,995.924147,370.102971,9178.553681
4016.000306,1302.362347,148.041188,8956.491898
4016.000621,1532.190996,-0.000000,9104.533087
4016.000936,1149.143247,-370.102971,9178.553681
4016.001251,1072.533697,-370.102971,9548.656652
4016.001566,766.095498,-296.082377,9178.553681
4016.001882,306.438199,-148.041188,9030.512492
4016.002197,536.266849,-0.000000,9622.677246
4016.002512,383.047749,296.082377,9622.677246
4016.002827,-459.657299,444.123565,9030.512492
4016.003142,-612.876398,370.102971,9252.574275
4016.003457,-842.705048,740.205942,9770.718434
4016.003773,-1072.533697,444.123565,10140.821405
4016.004088,-995.924147,444.123565,10362.883188
4016.004403,-1072.533697,444.123565,10362.883188
4016.004718,-1149.143247,370.102971,10658.965565
4016.005033,-612.876398,592.164754,9918.759623
4016.005348,-306.438199,444.123565,10066.800811
4016.005663,229.828649,444.123565,9918.759623
4016.005979,306.438199,888.247130,9252.574275
4016.006294,229.828649,518.144159,9104.533087
4016.006609,766.095498,444.123565,9104.533087
4016.006924,766.095498,-0.000000,9326.594869
4016.007239,842.705048,-0.000000,9400.615463
4016.007554,919.314598,-222.061783,9474.636058
4016.007870,766.095498,-370.102971,9326.594869
4016.008185,689.485948,-0.000000,9326.594869
4016.008500,1072.533697,-74.020594,9474.636058
4016.008815,536.266849,296.082377,9474.636058
4016.009130,229.828649,592.164754,9400.615463
4016.009445,0.000000,518.144159,9030.512492
4016.009760,-459.657299,1036.288319,9474.636058
4016.010076,-612.876398,1036.288319,9770.718434
4016.010391,-995.924147,740.205942,10214.842000
4016.010706,-1608.800546,370.102971,10955.047942
4016.011021,-1378.971896,370.102971,10732.986159
4016.011336,-689.485948,222.061783,10658.965565
4016.011651,-1072.533697,148.041188,10732.986159
4016.011967,-919.314598,-0.000000,10881.027347
4016.012282,0.000000,296.082377,10362.883188
4016.012597,459.657299,444.123565,9548.656652
4016.012912,229.828649,370.102971,9326.594869
4016.013227,689.485948,296.082377,9030.512492
4016.013542,995.924147,444.123565,8734.430116
4016.013857,1225.752797,-0.000000,8586.388927
4016.014173,1455.581446,-0.000000,8956.491898
4016.014488,1072.533697,-518.144159,8808.450710
4016.014803,995.924147,-370.102971,8808.450710
4016.015118,919.314598,-444.123565,8882.471304
4016.015433,766.095498,-370.102971,9178.553681
4016.015748,383.047749,-0.000000,9178.553681
4016.016064,229.828649,-0.000000,9178.553681
4016.016379,-459.657299,-0.000000,9474.636058
4016.016694,-459.657299,-0.000000,9474.636058
4016.017009,-306.438199,-0.000000,9474.636058
4016.017324,-536.266849,-0.000000,10436.903782
4016.017639,-612.876398,-0.000000,10584.944971
4016.017955,-919.314598,222.061783,10584.944971
4016.018270,-612.876398,-0.000000,10066.800811
4016.018585,153.219100,-0.000000,10066.800811
4016.018900,0.000000,296.082377,9844.739029
4016.019215,689.485948,-0.000000,9474.636058
4016.019530,459.657299,296.082377,9474.636058
4016.019845,612.876398,-0.000000,9400.615463
4016.020161,842.705048,-0.000000,9104.533087
4016.020476,995.924147,-0.000000,9252.574275
4016.020791,766.095498,-296.082377,9548.656652
4016.021106,612.876398,-370.102971,9474.636058
4016.021421,689.485948,-888.247130,9104.533087
4016.021736,536.266849,-518.144159,9770.718434
4016.022052,919.314598,-148.041188,9252.574275
4016.022367,0.000000,-74.020594,8956.491898
4016.022682,0.000000,222.061783,9474.636058
4016.022997,-306.438199,444.123565,9548.656652
4016.023312,-689.485948,148.041188,9474.636058
4016.023627,-612.876398,222.061783,9844.739029
4016.023942,-842.705048,444.123565,10510.924376
4016.024258,-995.924147,592.164754,10732.986159
4016.024573,-1378.971896,592.164754,10362.883188
4016.024888,-1302.362347,-0.000000,10584.944971
4016.025203,-612.876398,74.020594,10140.821405
4016.025518,-306.438199,148.041188,10066.800811
4016.025833,229.828649,444.123565,9770.718434
4016.026149,536.266849,370.102971,9548.656652
4016.026464,536.266849,666.185348,9474.636058
4016.026779,842.705048,222.061783,8956.491898
4016.027094,1149.143247,-0.000000,9030.512492
4016.027409,1378.971896,-148.041188,9326.594869
4016.027724,1072.533697,-444.123565,9030.512492
4016.028039,1225.752797,-740.205942,9474.636058
4016.028355,919.314598,-592.164754,9178.553681
4016.028670,1072.533697,-0.000000,9326.594869
4016.028985,766.095498,-222.061783,9474.636058
4016.029300,229.828649,370.102971,9030.512492
4016.029615,76.609550,370.102971,9178.553681
4016.029930,0.000000,444.123565,9252.574275
4016.030246,-383.047749,666.185348,9770.718434
4016.030561,-689.485948,370.102971,10214.842000
4016.030876,-842.705048,518.144159,9918.759623
4016.031191,-1225.752797,370.102971,10436.903782
4016.031506,-1072.533697,592.164754,10807.006753
4016.031821,-919.314598,444.123565,10584.944971
4016.032136,-612.876398,444.123565,10214.842000
4016.032452,0.000000,296.082377,10140.821405
4016.032767,306.438199,518.144159,10214.842000
4016.033082,306.438199,962.267725,9474.636058
4016.033397,306.438199,444.123565,9474.636058
4016.033712,995.924147,370.102971,9178.553681
4016.034027,995.924147,148.041188,9326.594869
4016.034342,1072.533697,-370.102971,8956.491898
4016.034657,1149.143247,-74.020594,9030.512492
4016.034972,995.924147,-148.041188,9030.512492
4016.035287,842.705048,148.041188,8512.368333
4016.035603,536.266849,296.082377,9326.594869
4016.035918,153.219100,-0.000000,9252.574275
4016.036233,0.000000,222.061783,9104.533087
4016.036548,-306.438199,370.102971,9252.574275
4016.036863,-919.314598,444.123565,9474.636058
4016.037178,-842.705048,592.164754,9770.718434
4016.037493,-919.314598,222.061783,9992.780217
4016.037808,-1608.800546,148.041188,10584.944971
4016.038123,-1149.143247,592.164754,10658.965565
4016.038438,-919.314598,518.144159,10214.842000
4016.038754,-383.047749,592.164754,10288.862594
4016.039069,0.000000,370.102971,10066.800811
4016.039384,229.828649,370.102971,9992.780217
4016.039699,536.266849,666.185348,9252.574275
4016.040014,766.095498,740.205942,9252.574275
4016.040329,1225.752797,370.102971,8956.491898
4016.040644,1302.362347,-0.000000,9178.553681
4016.040959,1225.752797,-148.041188,9548.656652
4016.041274,766.095498,-222.061783,9178.553681
4016.041589,842.705048,-592.164754,9400.615463
4016.041905,536.266849,-592.164754,9474.636058
4016.042220,612.876398,-444.123565,9696.697840
4016.042535,306.438199,-74.020594,9622.677246
4016.042850,0.000000,296.082377,9252.574275
4016.043165,0.000000,518.144159,9474.636058
4016.043480,0.000000,592.164754,9770.718434
4016.043795,-306.438199,740.205942,9918.759623
4016.044110,-383.047749,444.123565,9696.697840
4016.044425,-842.705048,222.061783,10362.883188
4016.044740,-1225.752797,296.082377,10510.924376
4016.045056,-612.876398,-0.000000,10510.924376
4016.045371,-842.705048,222.061783,10881.027347
4016.045686,-459.657299,370.102971,10436.903782
4016.046001,0.000000,222.061783,9696.697840
4016.046316,306.438199,370.102971,9474.636058
4016.046631,153.219100,518.144159,9474.636058
4016.046946,689.485948,-0.000000,9178.553681
4016.047261,1149.143247,-0.000000,8734.430116
4016.047576,1378.971896,-0.000000,8882.471304
4016.047891,1072.533697,-0.000000,9104.533087
4016.048207,1149.143247,-962.267725,9178.553681
4016.048522,919.314598,-444.123565,9326.594869
4016.048837,766.095498,-444.123565,8956.491898
4016.049152,919.314598,-444.123565,8882.471304
4016.049467,1225.752797,-0.000000,9178.553681
4016.049782,459.657299,-74.020594,8956.491898
4016.050097,0.000000,148.041188,9622.677246
4016.050412,-1072.533697,-0.000000,9400.615463
4016.050727,-766.095498,-0.000000,9844.739029
4016.051042,-459.657299,296.082377,10510.924376
4016.051358,-995.924147,-0.000000,10584.944971
4016.051673,-842.705048,-0.000000,10658.965565
4016.051988,-919.314598,-0.000000,10584.944971
4016.052303,-689.485948,370.102971,10214.842000
4016.052618,-153.219100,148.041188,9992.780217
4016.052933,306.438199,370.102971,9770.718434
4016.053248,383.047749,666.185348,9622.677246
4016.053563,766.095498,370.102971,8956.491898
4016.053878,1072.533697,222.061783,8660.409521
4016.054193,1072.533697,-148.041188,9400.615463
4016.054509,995.924147,-148.041188,9474.636058
4016.054824,842.705048,-518.144159,9400.615463
4016.055139,536.266849,-518.144159,9326.594869
4016.055454,612.876398,-370.102971,9104.533087
4016.055769,689.485948,-518.144159,8882.471304
4016.056084,229.828649,-0.000000,8956.491898
4016.056399,0.000000,370.102971,9252.574275
4016.056714,-536.266849,666.185348,9178.553681
4016.057029,-612.876398,592.164754,9400.615463
4016.057344,-995.924147,740.205942,9918.759623
4016.057660,-995.924147,592.164754,10066.800811
4016.057975,-1225.752797,370.102971,10436.903782
4016.058290,-1302.362347,148.041188,10658.965565
4016.058605,-995.924147,296.082377,10807.006753
4016.058920,-612.876398,296.082377,10658.965565
4016.059235,0.000000,370.102971,10436.903782
4016.059550,229.828649,296.082377,10066.800811
4016.059865,229.828649,740.205942,8956.491898
4016.060180,689.485948,592.164754,8882.471304
4016.060495,919.314598,370.102971,9104.533087
4016.060811,919.314598,-0.000000,9030.512492
4016.061126,1225.752797,-74.020594,8364.327145
4016.061441,919.314598,-444.123565,8808.450710
4016.061756,1149.143247,-370.102971,9474.636058
4016.062071,766.095498,-444.123565,9474.636058
4016.062386,995.924147,-370.102971,9400.615463
4016.062701,766.095498,-370.102971,9178.553681
4016.063016,229.828649,370.102971,9030.512492
4016.063331,0.000000,370.102971,8956.491898
4016.063646,-229.828649,666.185348,9474.636058
4016.063962,-459.657299,444.123565,10066.800811
4016.064277,-612.876398,592.164754,9918.759623
4016.064592,-689.485948,222.061783,10140.821405
4016.064907,-766.095498,518.144159,10881.027347
4016.065222,-766.095498,222.061783,10732.986159
4016.065537,-459.657299,-0.000000,10807.006753
4016.065852,-459.657299,-0.000000,10658.965565
4016.066167,-153.219100,296.082377,10214.842000
4016.066482,536.266849,222.061783,9474.636058
4016.066797,689.485948,296.082377,9326.594869
4016.067113,1225.752797,-0.000000,9104.533087
4016.067428,1072.533697,-148.041188,8808.450710
4016.067743,995.924147,-222.061783,8882.471304
4016.068058,1149.143247,-0.000000,9030.512492
4016.068373,1072.533697,-74.020594,9178.553681
4016.068688,689.485948,-518.144159,9326.594869
4016.069003,459.657299,-370.102971,9400.615463
4016.069318,612.876398,-222.061783,9400.615463
4016.069633,306.438199,-148.041188,9252.574275
4016.069948,229.828649,-0.000000,9326.594869
4016.070264,-536.266849,444.123565,9696.697840
4016.070579,-612.876398,518.144159,9696.697840
4016.070894,-766.095498,444.123565,9548.656652
4016.071209,-689.485948,296.082377,10362.883188
4016.071524,-1072.533697,148.041188,10584.944971
4016.071839,-1072.533697,74.020594,10288.862594
4016.072154,-1149.143247,-0.000000,10362.883188
4016.072469,-306.438199,222.061783,10288.862594
4016.072784,0.000000,-0.000000,9770.718434
4016.073099,459.657299,-74.020594,9770.718434
4016.073415,229.828649,148.041188,9326.594869
4016.073730,306.438199,-0.000000,9178.553681
4016.074045,842.705048,-0.000000,9030.512492
4016.074360,766.095498,-148.041188,8956.491898
4016.074675,689.485948,-444.123565,9326.594869
4016.074990,612.876398,-666.185348,9252.574275
4016.075305,536.266849,-888.247130,8882.471304
4016.075620,766.095498,-370.102971,9474.636058
4016.075935,459.657299,-222.061783,9104.533087
4016.076250,229.828649,-370.102971,9178.553681
4016.076566,153.219100,148.041188,9252.574275
4016.076881,-383.047749,222.061783,9400.615463
4016.077196,-612.876398,-0.000000,9400.615463
4016.077511,-1072.533697,-0.000000,10066.800811
4016.077826,-1762.019645,296.082377,10066.800811
4016.078141,-1608.800546,74.020594,10362.883188
4016.078456,-1608.800546,148.041188,10881.027347
4016.078771,-1302.362347,-0.000000,10584.944971
4016.079086,-689.485948,-0.000000,10510.924376
4016.079401,0.000000,296.082377,9992.780217
4016.079717,153.219100,444.123565,9548.656652
4016.080032,842.705048,592.164754,9400.615463
4016.080347,842.705048,666.185348,8956.491898
4016.080662,919.314598,592.164754,8660.409521
4016.080977,1225.752797,-0.000000,8956.491898
4016.081292,1378.971896,-74.020594,8734.430116
4016.081607,1072.533697,-0.000000,9104.533087
4016.081922,842.705048,-518.144159,9252.574275
4016.082237,995.924147,-666.185348,9548.656652
4016.082552,536.266849,-0.000000,9178.553681
4016.082868,612.876398,-0.000000,8956.491898
4016.083183,306.438199,370.102971,9474.636058
4016.083498,612.876398,518.144159,9252.574275
4016.083813,76.609550,888.247130,9474.636058
4016.084128,-612.876398,1036.288319,9474.636058
4016.084443,-766.095498,740.205942,9844.739029
4016.084758,-689.485948,814.226536,10214.842000
4016.085073,-919.314598,1110.308913,11251.130318
4016.085388,-1072.533697,592.164754,11029.068536
4016.085703,-766.095498,222.061783,10510.924376
4016.086019,-459.657299,-0.000000,10066.800811
4016.086334,76.609550,370.102971,10140.821405
4016.086649,229.828649,148.041188,9770.718434
4016.086964,0.000000,518.144159,9474.636058
4016.087279,459.657299,148.041188,9178.553681
4016.087594,842.705048,-0.000000,9104.533087
4016.087909,1685.410096,-370.102971,9178.553681
4016.088224,1072.533697,-222.061783,9326.594869
4016.088539,919.314598,-444.123565,9548.656652
4016.088854,995.924147,-296.082377,9474.636058
4016.089170,995.924147,-0.000000,9178.553681
4016.089485,766.095498,-0.000000,9252.574275
4016.089800,766.095498,222.061783,9178.553681
4016.090115,383.047749,518.144159,8956.491898
4016.090430,-383.047749,740.205942,9104.533087
4016.090745,-306.438199,370.102971,9696.697840
4016.091060,-612.876398,592.164754,9844.739029
4016.091375,-995.924147,370.102971,10362.883188
4016.091690,-766.095498,370.102971,10881.027347
4016.092005,-995.924147,-0.000000,10436.903782
4016.092321,-919.314598,222.061783,10436.903782
4016.092636,-459.657299,296.082377,10362.883188
4016.092951,0.000000,222.061783,9918.759623
4016.093266,459.657299,222.061783,9474.636058
4016.093581,459.657299,518.144159,8512.368333
4016.093896,689.485948,-0.000000,8956.491898
4016.094211,995.924147,296.082377,9030.512492
4016.094526,689.485948,-74.020594,8808.450710
4016.094841,536.266849,-296.082377,9474.636058
4016.095156,536.266849,-444.123565,8956.491898
4016.095472,383.047749,-518.144159,9326.594869
4016.095787,0.000000,-592.164754,9548.656652
4016.096102,0.000000,-370.102971,9696.697840
4016.096417,0.000000,-148.041188,9474.636058
4016.096732,0.000000,-0.000000,8808.450710
4016.097047,-229.828649,296.082377,9474.636058
4016.097362,-536.266849,592.164754,9548.656652
4016.097677,-689.485948,888.247130,9622.677246
4016.097992,-842.705048,666.185348,9770.718434
4016.098307,-919.314598,444.123565,10140.821405
4016.098623,-1072.533697,-0.000000,10584.944971
4016.098938,-1149.143247,-0.000000,10807.006753
4016.099253,-842.705048,-222.061783,10658.965565
4016.099568,-459.657299,-148.041188,9992.780217
4016.099883,0.000000,-148.041188,9992.780217
4016.100198,229.828649,222.061783,9622.677246
4016.100513,612.876398,-148.041188,9622.677246
4016.100828,612.876398,296.082377,9326.594869
4016.101143,1302.362347,-0.000000,8882.471304
4016.101458,1762.019645,-0.000000,9400.615463
4016.101774,1838.629195,-0.000000,9178.553681
4016.102089,1378.971896,-444.123565,9326.594869
4016.102404,1455.581446,-370.102971,9400.615463
4016.102719,1149.143247,-148.041188,8956.491898
4016.103034,1302.362347,-0.000000,9104.533087
4016.103349,383.047749,296.082377,9326.594869
4016.103664,229.828649,222.061783,9474.636058
4016.103979,0.000000,-0.000000,9474.636058
4016.104294,-689.485948,296.082377,9252.574275
4016.104609,-766.095498,148.041188,10510.924376
4016.104925,-842.705048,-74.020594,10807.006753
4016.105240,-1225.752797,370.102971,10955.047942
4016.105555,-766.095498,222.061783,10658.965565
4016.105870,-766.095498,444.123565,10436.903782
4016.106185,0.000000,666.185348,10140.821405
4016.106500,612.876398,888.247130,9918.759623
4016.106815,919.314598,592.164754,9918.759623
4016.107130,766.095498,962.267725,9104.533087
4016.107445,689.485948,740.205942,9030.512492
4016.107760,995.924147,518.144159,8882.471304
4016.108076,1455.581446,-148.041188,9474.636058
4016.108391,842.705048,-370.102971,9252.574275
4016.108706,612.876398,-592.164754,9474.636058
4016.109021,842.705048,-296.082377,9104.533087
4016.109336,459.657299,-592.164754,9030.512492
4016.109651,919.314598,-222.061783,9178.553681
4016.109966,0.000000,-370.102971,9178.553681
4016.110281,-459.657299,444.123565,9104.533087
4016.110596,-383.047749,444.123565,9252.574275
4016.110911,-612.876398,592.164754,9104.533087
4016.111227,-689.485948,222.061783,9918.759623
4016.111542,-919.314598,518.144159,10288.862594
4016.111857,-1532.190996,592.164754,10584.944971
4016.112172,-1378.971896,444.123565,11251.130318
4016.112487,-1149.143247,-0.000000,10436.903782
4016.112802,-766.095498,-148.041188,10362.883188
4016.113117,-383.047749,-0.000000,10584.944971
4016.113432,0.000000,-74.020594,9548.656652
4016.113747,306.438199,370.102971,9474.636058
4016.114062,459.657299,370.102971,9400.615463
4016.114378,612.876398,222.061783,9030.512492
4016.114693,919.314598,-0.000000,8586.388927
4016.115008,1072.533697,-0.000000,8512.368333
4016.115323,919.314598,-74.020594,9474.636058
4016.115638,1072.533697,-222.061783,9326.594869
4016.115953,842.705048,-222.061783,9400.615463
4016.116268,536.266849,-296.082377,8956.491898
4016.116583,229.828649,-222.061783,9178.553681
4016.116898,306.438199,296.082377,9252.574275
4016.117213,-306.438199,370.102971,9474.636058
4016.117529,-229.828649,370.102971,9844.739029
4016.117844,-766.095498,370.102971,9696.697840
4016.118159,-842.705048,666.185348,9918.759623
4016.118474,-766.095498,444.123565,10214.842000
4016.118789,-842.705048,444.123565,10510.924376
4016.119104,-612.876398,-0.000000,10436.903782
4016.119419,-536.266849,370.102971,10288.862594
4016.119734,0.000000,370.102971,9622.677246
4016.120049,459.657299,592.164754,9474.636058
4016.120364,919.314598,444.123565,9474.636058
4016.120680,1302.362347,296.082377,9178.553681
4016.120995,536.266849,-0.000000,8882.471304
4016.121310,842.705048,-0.000000,9030.512492
4016.121625,995.924147,-74.020594,8956.491898
4016.121940,766.095498,-222.061783,9178.553681
4016.122255,995.924147,-222.061783,9474.636058
4016.122570,842.705048,-370.102971,9474.636058
4016.122885,612.876398,-74.020594,9548.656652
4016.123200,612.876398,222.061783,9104.533087
4016.123515,383.047749,370.102971,9400.615463
4016.123831,0.000000,740.205942,9548.656652
4016.124146,0.000000,888.247130,9326.594869
4016.124461,-536.266849,962.267725,9548.656652
4016.124776,-689.485948,666.185348,9918.759623
4016.125091,-1072.533697,518.144159,10362.883188
4016.125406,-1455.581446,592.164754,10881.027347
4016.125721,-1225.752797,296.082377,10288.862594
4016.126036,-1072.533697,444.123565,10807.006753
4016.126351,-612.876398,222.061783,10362.883188
4016.126666,0.000000,-0.000000,9918.759623
4016.126982,229.828649,296.082377,9770.718434
4016.127297,229.828649,370.102971,9474.636058
4016.127612,689.485948,592.164754,9474.636058
4016.127927,842.705048,592.164754,9326.594869
4016.128242,1302.362347,370.102971,9326.594869
4016.128557,995.924147,-0.000000,9474.636058
4016.128872,995.924147,-0.000000,9252.574275
4016.129187,612.876398,-74.020594,9400.615463
4016.129502,766.095498,-0.000000,9622.677246
4016.129817,306.438199,-148.041188,9622.677246
4016.130133,0.000000,-0.000000,9474.636058
4016.130448,0.000000,296.082377,9326.594869
4016.130763,-229.828649,222.061783,9474.636058
4016.131078,-612.876398,370.102971,9474.636058
4016.131393,-1149.143247,222.061783,9844.739029
4016.131708,-1225.752797,-74.020594,10140.821405
4016.132023,-842.705048,370.102971,10140.821405
4016.132338,-1225.752797,-74.020594,10214.842000
4016.132653,-536.266849,-74.020594,10288.862594
4016.132968,-306.438199,-370.102971,10288.862594
4016.133283,153.219100,-0.000000,9622.677246
4016.133598,383.047749,-0.000000,9622.677246
4016.133913,842.705048,444.123565,9104.533087
4016.134228,842.705048,-0.000000,8808.450710
4016.134543,1149.143247,-0.000000,9030.512492
4016.134858,1072.533697,-296.082377,9104.533087
4016.135173,919.314598,-444.123565,9104.533087
4016.135488,995.924147,-666.185348,9252.574275
4016.135803,919.314598,-888.247130,9474.636058
4016.136118,842.705048,-740.205942,9474.636058
4016.136433,536.266849,-444.123565,9326.594869
4016.136748,612.876398,-0.000000,9474.636058
4016.137063,536.266849,-0.000000,9252.574275
4016.137378,0.000000,296.082377,9252.574275
4016.137693,0.000000,222.061783,9104.533087
4016.138008,-306.438199,444.123565,9548.656652
4016.138323,-689.485948,148.041188,9992.780217
4016.138638,-766.095498,-0.000000,10288.862594
4016.138953,-1225.752797,-0.000000,10436.903782
4016.139268,-995.924147,-0.000000,10362.883188
4016.139583,-766.095498,148.041188,10362.883188
4016.139898,76.609550,-0.000000,9992.780217
4016.140213,153.219100,-0.000000,10140.821405
4016.140528,306.438199,-0.000000,9992.780217
4016.140843,306.438199,370.102971,9252.574275
4016.141158,536.266849,-0.000000,9030.512492
4016.141473,842.705048,-0.000000,8290.306550
4016.141788,1762.019645,-0.000000,8808.450710
4016.142103,995.924147,-0.000000,9474.636058
4016.142418,842.705048,-370.102971,9400.615463
4016.142733,766.095498,-222.061783,9178.553681
4016.143048,536.266849,-370.102971,9326.594869
4016.143363,306.438199,-74.020594,9474.636058
4016.143678,76.609550,-0.000000,9474.636058
4016.143993,0.000000,370.102971,9326.594869
4016.144308,-689.485948,148.041188,9770.718434
4016.144623,-612.876398,518.144159,9474.636058
4016.144938,-995.924147,444.123565,9696.697840
4016.145253,-919.314598,444.123565,10140.821405
4016.145568,-1378.971896,444.123565,10584.944971
4016.145883,-995.924147,444.123565,11029.068536
4016.146198,-842.705048,296.082377,10807.006753
4016.146513,-536.266849,296.082377,10658.965565
4016.146828,0.000000,592.164754,10214.842000
4016.147143,383.047749,740.205942,9622.677246
4016.147458,766.095498,1184.329507,9474.636058
4016.147773,766.095498,518.144159,9252.574275
4016.148088,995.924147,518.144159,9400.615463
4016.148403,1378.971896,444.123565,9030.512492
4016.148718,1302.362347,-148.041188,9030.512492
4016.149033,995.924147,-296.082377,9474.636058
4016.149348,919.314598,-296.082377,9622.677246
4016.149663,459.657299,-222.061783,9622.677246
4016.149978,459.657299,-148.041188,9178.553681
4016.150293,612.876398,296.082377,9252.574275
4016.150608,0.000000,148.041188,8956.491898
4016.150923,0.000000,222.061783,9104.533087
4016.151238,-536.266849,592.164754,9178.553681
4016.151553,-459.657299,814.226536,9326.594869
4016.151868,-842.705048,370.102971,9770.718434
4016.152183,-383.047749,740.205942,9918.759623
4016.152498,-1149.143247,222.061783,10436.903782
4016.152813,-1149.143247,148.041188,10584.944971
4016.153128,-766.095498,-74.020594,10214.842000
4016.153443,-536.266849,222.061783,9918.759623
4016.153758,0.000000,-0.000000,9992.780217
4016.154073,0.000000,-0.000000,9474.636058
4016.154388,229.828649,444.123565,9400.615463
4016.154703,536.266849,-0.000000,8882.471304
4016.155018,1225.752797,-0.000000,9030.512492
4016.155333,1378.971896,-0.000000,8956.491898
4016.155648,1149.143247,-0.000000,8882.471304
4016.155963,842.705048,-148.041188,9178.553681
4016.156278,766.095498,-296.082377,8882.471304
4016.156593,459.657299,-296.082377,9252.574275
4016.156908,995.924147,-222.061783,9252.574275
4016.157223,306.438199,370.102971,9474.636058
4016.157538,0.000000,814.226536,9252.574275
4016.157853,-306.438199,518.144159,9474.636058
4016.158168,-536.266849,740.205942,9770.718434
4016.158483,-612.876398,444.123565,9992.780217
4016.158798,-612.876398,444.123565,10362.883188
4016.159113,-919.314598,518.144159,10510.924376
4016.159428,-766.095498,370.102971,10288.862594
4016.159743,-383.047749,592.164754,10288.862594
4016.160058,76.609550,518.144159,10140.821405
4016.160373,383.047749,518.144159,10288.862594
4016.160688,459.657299,592.164754,9622.677246
4016.161003,459.657299,592.164754,9030.512492
4016.161318,842.705048,370.102971,9030.512492
4016.161633,842.705048,-296.082377,9178.553681
4016.161948,689.485948,-222.061783,9548.656652
4016.162263,229.828649,-444.123565,9548.656652
4016.162578,536.266849,-814.226536,9474.636058
4016.162893,383.047749,-592.164754,9474.636058
4016.163208,459.657299,-444.123565,9474.636058
4016.163523,689.485948,-74.020594,9548.656652
4016.163838,306.438199,-0.000000,9474.636058
4016.164153,-153.219100,518.144159,9326.594869
4016.164468,-229.828649,666.185348,9252.574275
4016.164783,-842.705048,518.144159,9548.656652
4016.165098,-842.705048,666.185348,9770.718434
4016.165413,-842.705048,296.082377,9918.759623
4016.165728,-1072.533697,-74.020594,10140.821405
4016.166043,-1608.800546,-296.082377,10510.924376
4016.166358,-536.266849,-666.185348,10881.027347
4016.166673,-919.314598,-370.102971,10288.862594
4016.166988,-459.657299,-518.144159,10066.800811
4016.167303,76.609550,-148.041188,9770.718434
4016.167618,383.047749,444.123565,9030.512492
4016.167933,766.095498,592.164754,9252.574275
4016.168248,842.705048,518.144159,8734.430116
4016.168563,1378.971896,148.041188,8586.388927
4016.168878,1455.581446,-0.000000,8882.471304
4016.169193,1455.581446,-296.082377,9400.615463
4016.169508,1302.362347,-518.144159,9474.636058
4016.169823,1072.533697,-518.144159,9104.533087
4016.170138,536.266849,-444.123565,9400.615463
4016.170453,306.438199,-370.102971,9474.636058
4016.170768,0.000000,-74.020594,9844.739029
4016.171083,-383.047749,222.061783,9474.636058
4016.171398,-612.876398,-0.000000,9474.636058
4016.171713,-766.095498,222.061783,9548.656652
4016.172028,-1225.752797,222.061783,9622.677246
4016.172343,-842.705048,296.082377,10288.862594
4016.172658,-995.924147,-0.000000,10510.924376
4016.172973,-536.266849,296.082377,10288.862594
4016.173288,-536.266849,370.102971,9992.780217
4016.173603,-153.219100,592.164754,9548.656652
4016.173918,459.657299,666.185348,9696.697840
4016.174233,612.876398,666.185348,9548.656652
4016.174548,689.485948,296.082377,9326.594869
4016.174863,689.485948,222.061783,9104.533087
4016.175178,1225.752797,370.102971,9030.512492
4016.175493,1225.752797,-666.185348,9104.533087
4016.175808,1149.143247,-148.041188,9474.636058
4016.176123,995.924147,-370.102971,9474.636058
4016.176438,1455.581446,-222.061783,9326.594869
4016.176753,1072.533697,-148.041188,9030.512492
4016.177068,689.485948,-0.000000,9030.512492
4016.177383,842.705048,-0.000000,9030.512492
4016.177698,459.657299,518.144159,8808.450710
4016.178013,0.000000,592.164754,9400.615463
4016.178328,-612.876398,740.205942,9770.718434
4016.178643,-612.876398,666.185348,10288.862594
4016.178958,-842.705048,814.226536,10362.883188
4016.179273,-1072.533697,518.144159,10436.903782
4016.179588,-1302.362347,444.123565,11103.089130
4016.179903,-919.314598,444.123565,10881.027347
4016.180218,-919.314598,148.041188,11029.068536
4016.180533,-229.828649,444.123565,10732.986159
4016.180848,306.438199,444.123565,9844.739029
4016.181163,229.828649,666.185348,9326.594869
4016.181478,689.485948,888.247130,9548.656652
4016.181793,995.924147,444.123565,9326.594869
4016.182108,1225.752797,666.185348,9400.615463
4016.182423,1302.362347,222.061783,8882.471304
4016.182738,919.314598,-0.000000,8882.471304
4016.183053,919.314598,-518.144159,9104.533087
4016.183368,459.657299,-370.102971,9474.636058
4016.183683,229.828649,-370.102971,9178.553681
4016.183998,0.000000,-444.123565,8956.491898
4016.184313,0.000000,-0.000000,9252.574275
4016.184628,0.000000,-0.000000,9548.656652
4016.184943,-766.095498,814.226536,9104.533087
4016.185258,-1302.362347,-0.000000,9474.636058
4016.185573,-842.705048,370.102971,10288.862594
4016.185888,-766.095498,740.205942,10288.862594
4016.186203,-842.705048,518.144159,10214.842000
4016.186518,-383.047749,518.144159,10214.842000
4016.186833,-459.657299,518.144159,9770.718434
4016.187148,229.828649,518.144159,9474.636058
4016.187463,153.219100,592.164754,9474.636058
4016.187778,153.219100,370.102971,9326.594869
4016.188093,306.438199,-0.000000,9252.574275
4016.188408,536.266849,-0.000000,9030.512492
4016.188723,383.047749,-666.185348,8882.471304
4016.189038,919.314598,-666.185348,9178.553681
4016.189353,766.095498,-740.205942,9474.636058
4016.189668,689.485948,-740.205942,9474.636058
4016.189983,536.266849,-518.144159,9104.533087
4016.190298,842.705048,-0.000000,9178.553681
4016.190613,842.705048,148.041188,9104.533087
4016.190928,306.438199,518.144159,9252.574275
4016.191243,0.000000,666.185348,9104.533087
4016.191558,-383.047749,888.247130,9548.656652
4016.191873,0.000000,888.247130,9696.697840
4016.192188,-995.924147,370.102971,10288.862594
4016.192503,-1225.752797,-0.000000,10658.965565
4016.192818,-1455.581446,-0.000000,11103.089130
4016.193133,-1378.971896,-0.000000,10955.047942
4016.193448,-1225.752797,-0.000000,10658.965565
4016.193763,-383.047749,296.082377,10362.883188
4016.194078,153.219100,222.061783,10362.883188
4016.194393,612.876398,444.123565,9400.615463
4016.194708,536.266849,592.164754,9400.615463
4016.195023,1149.143247,518.144159,8956.491898
4016.195338,1455.581446,444.123565,9104.533087
4016.195653,1378.971896,222.061783,8734.430116
4016.195968,1302.362347,-222.061783,9030.512492
4016.196283,1302.362347,-296.082377,9326.594869
4016.196598,842.705048,-444.123565,9178.553681
4016.196913,919.314598,-444.123565,9474.636058
4016.197228,383.047749,-222.061783,9696.697840
4016.197543,153.219100,-74.020594,9548.656652
4016.197858,0.000000,222.061783,9104.533087
4016.198173,-536.266849,444.123565,9474.636058
4016.198488,-612.876398,592.164754,9844.739029
4016.198803,-689.485948,370.102971,9770.718434
4016.199118,-766.095498,592.164754,10140.821405
4016.199433,-459.657299,296.082377,10510.924376
4016.199748,-612.876398,444.123565,10584.944971
4016.200063,-229.828649,518.144159,10362.883188
4016.200378,-383.047749,592.164754,9696.697840
4016.200693,229.828649,444.123565,9992.780217
4016.201008,459.657299,444.123565,9696.697840
4016.201323,229.828649,222.061783,9030.512492
4016.201638,536.266849,444.123565,9844.739029
4016.201953,766.095498,-0.000000,9104.533087
4016.202268,995.924147,-222.061783,9252.574275
4016.202583,1072.533697,-370.102971,9474.636058
4016.202898,842.705048,-592.164754,9474.636058
4016.203213,766.095498,-740.205942,9252.574275
4016.203528,919.314598,-296.082377,9178.553681
4016.203843,842.705048,-0.000000,9252.574275
4016.204158,919.314598,-0.000000,9178.553681
4016.204473,383.047749,444.123565,8808.450710
4016.204788,0.000000,666.185348,9400.615463
4016.205103,-383.047749,592.164754,9104.533087
4016.205418,-689.485948,518.144159,9474.636058
4016.205733,-459.657299,370.102971,10436.903782
4016.206048,-1378.971896,-0.000000,10510.924376
4016.206363,-1608.800546,-0.000000,10807.006753
4016.206678,-1608.800546,-222.061783,10436.903782
4016.206993,-1072.533697,-0.000000,10658.965565
4016.207308,-459.657299,-74.020594,9992.780217
4016.207623,0.000000,-74.020594,9918.759623
4016.207938,229.828649,296.082377,9696.697840
4016.208253,842.705048,444.123565,9104.533087
4016.208568,689.485948,592.164754,8882.471304
4016.208883,1762.019645,-222.061783,8364.327145
4016.209198,1302.362347,-0.000000,8808.450710
4016.209513,1072.533697,-296.082377,9030.512492
4016.209828,766.095498,-444.123565,9030.512492
4016.210143,995.924147,-518.144159,9178.553681
4016.210458,919.314598,-740.205942,9252.574275
4016.210773,229.828649,-222.061783,9474.636058
4016.211088,0.000000,222.061783,9252.574275
4016.211403,-153.219100,-0.000000,9400.615463
4016.211718,-383.047749,296.082377,9474.636058
4016.212033,-612.876398,370.102971,9474.636058
4016.212348,-689.485948,444.123565,10066.800811
4016.212663,-766.095498,592.164754,10140.821405
4016.212978,-842.705048,518.144159,10140.821405
4016.213293,-153.219100,444.123565,10510.924376
4016.213608,-459.657299,370.102971,10510.924376
4016.213923,0.000000,370.102971,10066.800811
4016.214238,76.609550,444.123565,9844.739029
4016.214553,612.876398,370.102971,9918.759623
4016.214868,229.828649,-0.000000,9474.636058
4016.215183,306.438199,222.061783,9474.636058
4016.215498,459.657299,-148.041188,9400.615463
4016.215813,995.924147,-74.020594,9252.574275
4016.216128,842.705048,-296.082377,9252.574275
4016.216443,383.047749,-444.123565,9474.636058
4016.216758,689.485948,-222.061783,9548.656652
4016.217073,995.924147,-222.061783,9252.574275
4016.217388,536.266849,-148.041188,9030.512492
4016.217703,306.438199,-0.000000,9104.533087
4016.218018,459.657299,592.164754,9030.512492
4016.218333,0.000000,666.185348,9252.574275
4016.218648,-153.219100,814.226536,9474.636058
4016.218963,-612.876398,370.102971,9548.656652
4016.219278,-842.705048,444.123565,10066.800811
4016.219593,-1072.533697,222.061783,11029.068536
4016.219908,-1532.190996,-148.041188,10584.944971
4016.220223,-1149.143247,-74.020594,10732.986159
4016.220538,-842.705048,-222.061783,10436.903782
4016.220853,-229.828649,148.041188,9622.677246
4016.221168,383.047749,148.041188,9992.780217
4016.221483,842.705048,814.226536,9474.636058
4016.221798,1072.533697,888.247130,9030.512492
4016.222113,1225.752797,666.185348,9326.594869
4016.222428,919.314598,-148.041188,8512.368333
4016.222743,1532.190996,-0.000000,8586.388927
4016.223058,1149.143247,-0.000000,9474.636058
4016.223373,689.485948,-444.123565,9178.553681
4016.223688,689.485948,-296.082377,9474.636058
4016.224003,612.876398,-74.020594,9474.636058
4016.224318,76.609550,-296.082377,9474.636058
4016.224633,0.000000,-0.000000,9104.533087
4016.224948,-536.266849,666.185348,9400.615463
4016.225263,-919.314598,814.226536,9696.697840
4016.225578,-842.705048,666.185348,9622.677246
4016.225893,-842.705048,666.185348,10362.883188
4016.226208,-1225.752797,666.185348,10362.883188
4016.226523,-1378.971896,666.185348,10584.944971
4016.226838,-995.924147,592.164754,10436.903782
4016.227153,-842.705048,222.061783,9992.780217
4016.227468,-459.657299,518.144159,10362.883188
4016.227783,76.609550,814.226536,9992.780217
4016.228098,306.438199,666.185348,9474.636058
4016.228413,383.047749,592.164754,9178.553681
4016.228728,689.485948,740.205942,9252.574275
4016.229043,842.705048,148.041188,9400.615463
4016.229358,919.314598,-444.123565,9252.574275
4016.229673,1072.533697,-370.102971,9104.533087
4016.229988,766.095498,-370.102971,9030.512492
4016.230303,842.705048,-444.123565,9326.594869
4016.230618,919.314598,-74.020594,9474.636058
4016.230933,536.266849,-74.020594,8956.491898
4016.231248,766.095498,-0.000000,9178.553681
4016.231563,383.047749,296.082377,8956.491898
4016.231878,0.000000,592.164754,9326.594869
4016.232193,-306.438199,518.144159,9548.656652
4016.232508,-306.438199,518.144159,9770.718434
4016.232823,-919.314598,296.082377,10436.903782
4016.233138,-1149.143247,296.082377,10362.883188
4016.233453,-842.705048,-0.000000,10584.944971
4016.233768,-842.705048,-0.000000,11103.089130
4016.234092,-689.485948,-0.000000,10362.883188
4016.234407,306.438199,-222.061783,10140.821405
4016.234722,612.876398,148.041188,9622.677246
4016.235037,766.095498,592.164754,9474.636058
4016.235352,919.314598,444.123565,9474.636058
4016.235667,1532.190996,518.144159,8956.491898
4016.235982,2068.457845,-0.000000,8956.491898
4016.236297,1378.971896,-222.061783,8808.450710
4016.236613,1302.362347,-296.082377,9178.553681
4016.236928,1072.533697,-518.144159,9030.512492
4016.237243,689.485948,-814.226536,9326.594869
4016.237558,766.095498,-592.164754,8956.491898
4016.237873,306.438199,-444.123565,9474.636058
4016.238188,153.219100,-74.020594,9326.594869
4016.238503,-229.828649,-0.000000,9474.636058
4016.238818,-995.924147,148.041188,9474.636058
4016.239133,-612.876398,-0.000000,9770.718434
4016.239448,-919.314598,370.102971,10066.800811
4016.239763,-766.095498,-0.000000,10584.944971
4016.240079,-919.314598,148.041188,10214.842000
4016.240394,-919.314598,-0.000000,10066.800811
4016.240709,0.000000,444.123565,9918.759623
4016.241024,0.000000,444.123565,9992.780217
4016.241339,153.219100,296.082377,9992.780217
4016.241654,383.047749,-0.000000,9474.636058
4016.241969,229.828649,222.061783,8882.471304
4016.242284,1072.533697,-444.123565,8882.471304
4016.242599,459.657299,-666.185348,9030.512492
4016.242914,919.314598,-666.185348,9326.594869
4016.243229,842.705048,-592.164754,9326.594869
4016.243545,842.705048,-740.205942,9474.636058
4016.243860,689.485948,-370.102971,9326.594869
4016.244175,612.876398,-0.000000,8808.450710
4016.244490,612.876398,-0.000000,9104.533087
4016.244805,229.828649,370.102971,9030.512492
4016.245120,0.000000,370.102971,8956.491898
4016.245435,-383.047749,518.144159,9474.636058
4016.245750,-919.314598,370.102971,9474.636058
4016.246065,-1072.533697,370.102971,10066.800811
4016.246380,-1378.971896,296.082377,10732.986159
4016.246695,-1608.800546,222.061783,10732.986159
4016.247011,-1378.971896,-148.041188,11029.068536
4016.247326,-919.314598,296.082377,10658.965565
4016.247641,-536.266849,370.102971,10288.862594
4016.247956,229.828649,370.102971,10140.821405
4016.248271,536.266849,592.164754,9474.636058
4016.248586,612.876398,518.144159,9178.553681
4016.248901,1378.971896,370.102971,8808.450710
4016.249216,1072.533697,444.123565,8586.388927
4016.249531,1225.752797,-0.000000,8734.430116
4016.249846,995.924147,-148.041188,9104.533087
4016.250161,842.705048,-518.144159,9400.615463
4016.250477,612.876398,-444.123565,9548.656652
4016.250792,612.876398,-444.123565,9548.656652
4016.251107,536.266849,-296.082377,9474.636058
4016.251422,229.828649,-148.041188,9326.594869
4016.251737,383.047749,296.082377,9104.533087
4016.252052,153.219100,370.102971,9548.656652
4016.252367,-459.657299,666.185348,9474.636058
4016.252682,-306.438199,740.205942,9548.656652
4016.252997,-383.047749,740.205942,9918.759623
4016.253312,-306.438199,518.144159,10288.862594
4016.253627,-459.657299,518.144159,10510.924376
4016.253943,-229.828649,444.123565,10510.924376
4016.254258,-306.438199,-0.000000,10288.862594
4016.254573,153.219100,-0.000000,10066.800811
4016.254888,766.095498,518.144159,9474.636058
4016.255203,612.876398,444.123565,9326.594869
4016.255518,459.657299,222.061783,9178.553681
4016.255833,536.266849,-0.000000,9326.594869
4016.256148,689.485948,-148.041188,9252.574275
4016.256463,995.924147,-592.164754,9474.636058
4016.256778,1072.533697,-222.061783,9104.533087
4016.257094,766.095498,-222.061783,9400.615463
4016.257409,612.876398,-74.020594,9474.636058
4016.257724,995.924147,74.020594,9178.553681
4016.258039,383.047749,222.061783,9178.553681
4016.258354,0.000000,592.164754,8808.450710
4016.258669,-383.047749,740.205942,9178.553681
4016.258984,-766.095498,370.102971,9252.574275
4016.259299,-995.924147,370.102971,9696.697840
4016.259614,-1378.971896,-74.020594,9992.780217
4016.259929,-1532.190996,-0.000000,10510.924376
4016.260244,-1532.190996,370.102971,10807.006753
4016.260560,-1302.362347,-0.000000,10658.965565
4016.260875,-1149.143247,-0.000000,10214.842000
4016.261190,0.000000,370.102971,10288.862594
4016.261505,383.047749,444.123565,9622.677246
4016.261820,842.705048,814.226536,9178.553681
4016.262135,689.485948,740.205942,9104.533087
4016.262450,995.924147,518.144159,8512.368333
4016.262765,1225.752797,-0.000000,9252.574275
4016.263080,1225.752797,-148.041188,9178.553681
4016.263395,766.095498,-296.082377,9326.594869
4016.263710,766.095498,-518.144159,9474.636058
4016.264026,612.876398,-888.247130,9474.636058
4016.264341,459.657299,-370.102971,9696.697840
4016.264656,0.000000,-444.123565,9474.636058
4016.264971,229.828649,-0.000000,9622.677246
4016.265286,229.828649,444.123565,9252.574275
4016.265601,0.000000,740.205942,9178.553681
4016.265916,-76.609550,962.267725,9474.636058
4016.266231,-306.438199,740.205942,9770.718434
4016.266546,-306.438199,740.205942,10140.821405
4016.266861,-229.828649,666.185348,10140.821405
4016.267176,-842.705048,-0.000000,10362.883188
4016.267492,-459.657299,-74.020594,10658.965565
4016.267807,-306.438199,296.082377,10362.883188
4016.268122,0.000000,-148.041188,9992.780217
4016.268437,229.828649,148.041188,9696.697840
4016.268752,306.438199,370.102971,9400.615463
4016.269067,229.828649,370.102971,9548.656652
4016.269382,919.314598,-0.000000,9474.636058
4016.269697,1149.143247,-0.000000,9326.594869
4016.270012,1455.581446,-222.061783,9252.574275
4016.270327,1225.752797,-296.082377,9548.656652
4016.270642,1072.533697,-296.082377,9326.594869
4016.270958,1149.143247,-0.000000,8882.471304
4016.271273,1149.143247,-0.000000,8660.409521
4016.271588,842.705048,444.123565,8882.471304
4016.271903,612.876398,-0.000000,9030.512492
4016.272218,0.000000,222.061783,9178.553681
4016.272533,-689.485948,222.061783,9474.636058
4016.272848,-842.705048,-0.000000,9696.697840
4016.273163,-1225.752797,-148.041188,9918.759623
4016.273478,-1378.971896,-222.061783,10881.027347
4016.273793,-1072.533697,-148.041188,11251.130318
4016.274108,-1378.971896,-370.102971,10584.944971
4016.274424,-842.705048,296.082377,10362.883188
4016.274739,0.000000,296.082377,9770.718434
4016.275054,1532.190996,666.185348,9696.697840
4016.275369,1149.143247,962.267725,9326.594869
4016.275684,766.095498,592.164754,9104.533087
4016.275999,1225.752797,814.226536,8660.409521
4016.276314,1149.143247,370.102971,8956.491898
4016.276629,459.657299,-666.185348,9104.533087
4016.276944,766.095498,-740.205942,9696.697840
4016.277259,76.609550,-888.247130,9474.636058
4016.277574,76.609550,-888.247130,9474.636058
4016.277890,0.000000,-666.185348,9252.574275
4016.278205,153.219100,-592.164754,9252.574275
4016.278520,-229.828649,-0.000000,9474.636058
4016.278835,-306.438199,370.102971,9400.615463
4016.279150,-536.266849,740.205942,9178.553681
4016.279465,-383.047749,888.247130,9474.636058
4016.279780,-995.924147,888.247130,9622.677246
4016.280095,-842.705048,666.185348,9696.697840
4016.280410,-995.924147,740.205942,9918.759623
4016.280725,-842.705048,444.123565,10362.883188
4016.281040,-612.876398,370.102971,10362.883188
4016.281356,0.000000,-222.061783,9696.697840
4016.281671,0.000000,296.082377,9992.780217
4016.281986,76.609550,296.082377,9474.636058
4016.282301,0.000000,296.082377,9252.574275
4016.282616,459.657299,-0.000000,9252.574275
4016.282931,919.314598,-0.000000,9400.615463
4016.283246,919.314598,-370.102971,8882.471304
4016.283561,1225.752797,-148.041188,8808.450710
4016.283876,1072.533697,-0.000000,8882.471304
4016.284191,919.314598,-222.061783,9178.553681
4016.284506,919.314598,-296.082377,9474.636058
4016.284822,766.095498,-0.000000,9178.553681
4016.285137,383.047749,296.082377,9030.512492
4016.285452,459.657299,740.205942,9326.594869
4016.285767,0.000000,518.144159,9622.677246
4016.286082,-766.095498,518.144159,9918.759623
4016.286397,-766.095498,222.061783,10288.862594
4016.286712,-995.924147,518.144159,10362.883188
4016.287027,-995.924147,444.123565,10658.965565
4016.287342,-1455.581446,296.082377,11029.068536
4016.287657,-919.314598,296.082377,10658.965565
4016.287972,-383.047749,592.164754,10214.842000
4016.288288,153.219100,296.082377,9696.697840
4016.288603,842.705048,592.164754,9548.656652
4016.288918,612.876398,592.164754,9252.574275
4016.289233,995.924147,592.164754,9326.594869
4016.289548,1378.971896,518.144159,8808.450710
4016.289863,1302.362347,-148.041188,8882.471304
4016.290178,1225.752797,-370.102971,9252.574275
4016.290493,766.095498,-518.144159,9548.656652
4016.290808,459.657299,-444.123565,9400.615463
4016.291123,306.438199,-370.102971,9326.594869
4016.291439,459.657299,-296.082377,9400.615463
4016.291754,229.828649,-148.041188,9474.636058
4016.292069,0.000000,-0.000000,9548.656652
4016.292384,-229.828649,740.205942,9474.636058
4016.292699,-536.266849,740.205942,9474.636058
4016.293014,-536.266849,666.185348,9474.636058
4016.293329,-536.266849,666.185348,9918.759623
4016.293644,-1149.143247,444.123565,10066.800811
4016.293959,-995.924147,518.144159,10066.800811
4016.294274,-995.924147,-0.000000,10140.821405
4016.294589,-383.047749,444.123565,9918.759623
4016.294905,306.438199,222.061783,10066.800811
4016.295220,0.000000,-0.000000,10066.800811
4016.295535,0.000000,296.082377,9622.677246
4016.295850,229.828649,222.061783,9474.636058
4016.296165,766.095498,-0.000000,8956.491898
4016.296480,995.924147,-148.041188,9474.636058
4016.296795,1072.533697,-222.061783,9474.636058
4016.297110,919.314598,-370.102971,9252.574275
4016.297425,689.485948,-444.123565,9326.594869
4016.297740,842.705048,-0.000000,9178.553681
4016.298055,842.705048,-0.000000,9474.636058
4016.298371,536.266849,-0.000000,9400.615463
4016.298686,0.000000,-0.000000,9252.574275
4016.299001,0.000000,370.102971,9030.512492
4016.299316,-459.657299,444.123565,9474.636058
4016.299631,-1455.581446,-148.041188,9844.739029
4016.299946,-1072.533697,-0.000000,10362.883188
4016.300261,-1532.190996,-148.041188,10807.006753
4016.300576,-1532.190996,-0.000000,10807.006753
4016.300891,-995.924147,-148.041188,10807.006753
4016.301206,-1072.533697,-0.000000,10584.944971
4016.301521,-76.609550,370.102971,10140.821405
4016.301837,306.438199,518.144159,9548.656652
4016.302152,383.047749,740.205942,9474.636058
4016.302467,919.314598,814.226536,8956.491898
4016.302782,1149.143247,592.164754,8956.491898
4016.303097,1149.143247,370.102971,8808.450710
4016.303412,1302.362347,-74.020594,8734.430116
4016.303727,1225.752797,-222.061783,9178.553681
4016.304042,383.047749,-444.123565,9178.553681
4016.304357,229.828649,-592.164754,9474.636058
4016.304672,383.047749,-666.185348,9548.656652
4016.304987,306.438199,-148.041188,9474.636058
4016.305303,383.047749,222.061783,9474.636058
4016.305618,153.219100,444.123565,9178.553681
4016.305933,-229.828649,296.082377,9548.656652
4016.306248,-153.219100,740.205942,9474.636058
4016.306563,-536.266849,814.226536,9622.677246
4016.306878,0.000000,296.082377,9844.739029
4016.307193,-536.266849,740.205942,10362.883188
4016.307508,-459.657299,296.082377,10214.842000
4016.307823,-306.438199,148.041188,9918.759623
4016.308138,0.000000,222.061783,9770.718434
4016.308453,0.000000,-0.000000,9770.718434
4016.308769,306.438199,-0.000000,9622.677246
4016.309084,459.657299,222.061783,9696.697840
4016.309399,612.876398,-0.000000,9326.594869
4016.309714,612.876398,-74.020594,9326.594869
4016.310029,919.314598,148.041188,9252.574275
4016.310344,1302.362347,74.020594,9178.553681
4016.310659,995.924147,-222.061783,9696.697840
4016.310974,689.485948,-370.102971,9474.636058
4016.311289,612.876398,-222.061783,9474.636058
4016.311604,689.485948,-0.000000,9548.656652
4016.311919,383.047749,444.123565,9400.615463
4016.312235,153.219100,370.102971,9400.615463
4016.312550,-306.438199,518.144159,9474.636058
4016.312865,-766.095498,-0.000000,9474.636058
4016.313180,-766.095498,296.082377,9622.677246
4016.313495,-1072.533697,-0.000000,9992.780217
4016.313810,-1072.533697,444.123565,10584.944971
4016.314125,-1608.800546,-0.000000,10510.924376
4016.314440,-689.485948,-370.102971,10214.842000
4016.314755,-689.485948,-0.000000,10140.821405
4016.315070,0.000000,-0.000000,9844.739029
4016.315385,612.876398,222.061783,9770.718434
4016.315701,536.266849,666.185348,9326.594869
4016.316016,766.095498,740.205942,9178.553681
4016.316331,1149.143247,592.164754,9104.533087
4016.316646,1072.533697,-0.000000,8808.450710
4016.316961,995.924147,-0.000000,9178.553681
4016.317276,689.485948,-296.082377,9474.636058
4016.317591,766.095498,-592.164754,9400.615463
4016.317906,306.438199,-814.226536,9474.636058
4016.318221,153.219100,-592.164754,9844.739029
4016.318536,153.219100,-444.123565,9548.656652
4016.318851,306.438199,-148.041188,9474.636058
4016.319167,229.828649,444.123565,9474.636058
4016.319482,-229.828649,518.144159,9474.636058
4016.319797,-229.828649,666.185348,9622.677246
4016.320112,-306.438199,518.144159,9770.718434
4016.320427,-689.485948,592.164754,9696.697840
4016.320742,-689.485948,740.205942,10436.903782
4016.321057,-459.657299,592.164754,10436.903782
4016.321372,-612.876398,-0.000000,10362.883188
4016.321687,-612.876398,222.061783,9918.759623
4016.322002,-306.438199,-74.020594,9548.656652
4016.322317,76.609550,-0.000000,9844.739029
4016.322633,153.219100,296.082377,9548.656652
4016.322948,383.047749,-0.000000,9622.677246
4016.323263,459.657299,-148.041188,9400.615463
4016.323578,1072.533697,-222.061783,9326.594869
4016.323893,842.705048,-222.061783,9178.553681
4016.324208,1149.143247,-0.000000,9104.533087
4016.324523,766.095498,-222.061783,9474.636058
4016.324838,612.876398,-0.000000,9178.553681
4016.325153,612.876398,-0.000000,8808.450710
4016.325468,229.828649,222.061783,8882.471304
4016.325784,0.000000,222.061783,8882.471304
4016.326099,-306.438199,740.205942,9178.553681
4016.326414,-536.266849,444.123565,9326.594869
4016.326729,-766.095498,148.041188,9474.636058
4016.327044,-1302.362347,-74.020594,9992.780217
4016.327359,-1685.410096,-222.061783,10584.944971
4016.327674,-1378.971896,-0.000000,10807.006753
4016.327989,-1378.971896,-148.041188,10362.883188
4016.328304,-459.657299,222.061783,10066.800811
4016.328619,229.828649,444.123565,9770.718434
4016.328934,766.095498,814.226536,9770.718434
4016.329250,919.314598,1036.288319,9104.533087
4016.329565,1149.143247,814.226536,8808.450710
4016.329880,1072.533697,592.164754,9030.512492
4016.330195,1378.971896,518.144159,9104.533087
4016.330510,1532.190996,-0.000000,9400.615463
4016.330825,995.924147,-370.102971,9104.533087
4016.331140,383.047749,-592.164754,9400.615463
4016.331455,612.876398,-518.144159,9696.697840
4016.331770,612.876398,-0.000000,9548.656652
4016.332085,153.219100,-74.020594,9918.759623
4016.332400,0.000000,370.102971,9400.615463
4016.332716,0.000000,518.144159,9252.574275
4016.333031,-153.219100,1036.288319,9400.615463
4016.333346,-306.438199,1110.308913,9548.656652
4016.333661,-766.095498,740.205942,10288.862594
4016.333976,-689.485948,666.185348,10436.903782
4016.334291,-995.924147,518.144159,10584.944971
4016.334606,-995.924147,-0.000000,10658.965565
4016.334921,-766.095498,370.102971,10362.883188
4016.335236,-459.657299,296.082377,10584.944971
4016.335551,306.438199,148.041188,10140.821405
4016.335866,306.438199,518.144159,9474.636058
4016.336181,153.219100,370.102971,8808.450710
4016.336496,689.485948,148.041188,9030.512492
4016.336811,919.314598,-148.041188,9104.533087
4016.337127,1149.143247,-592.164754,8882.471304
4016.337442,1225.752797,-296.082377,9252.574275
4016.337757,995.924147,-518.144159,9104.533087
4016.338072,612.876398,-518.144159,9178.553681
4016.338387,766.095498,-370.102971,9400.615463
4016.338702,919.314598,-222.061783,8882.471304
4016.339017,536.266849,-148.041188,8808.450710
4016.339332,0.000000,370.102971,8882.471304
4016.339647,0.000000,592.164754,9400.615463
4016.339962,-766.095498,518.144159,9474.636058
4016.340277,-689.485948,370.102971,9918.759623
4016.340592,-842.705048,-0.000000,10510.924376
4016.340907,-995.924147,-0.000000,10584.944971
4016.341222,-689.485948,-0.000000,10881.027347
4016.341537,-689.485948,-0.000000,10510.924376
4016.341852,-459.657299,-0.000000,9918.759623
4016.342167,153.219100,370.102971,10066.800811
4016.342482,459.657299,444.123565,9474.636058
4016.342797,536.266849,148.041188,9474.636058
4016.343113,766.095498,666.185348,9252.574275
4016.343428,995.924147,370.102971,8586.388927
4016.343743,1378.971896,-148.041188,9178.553681
4016.344058,689.485948,-222.061783,9178.553681
4016.344373,1149.143247,-888.247130,9400.615463
4016.344688,306.438199,-814.226536,9474.636058
4016.345003,612.876398,-740.205942,9474.636058
4016.345318,383.047749,-148.041188,9400.615463
4016.345633,229.828649,-296.082377,9104.533087
4016.345948,459.657299,222.061783,9326.594869
4016.346263,-229.828649,222.061783,9104.533087
4016.346578,-536.266849,518.144159,9178.553681
4016.346893,-766.095498,370.102971,9548.656652
4016.347208,-383.047749,592.164754,10066.800811
4016.347523,-229.828649,-0.000000,9918.759623
4016.347838,-919.314598,222.061783,10140.821405
4016.348153,-689.485948,222.061783,10362.883188
4016.348468,-383.047749,222.061783,9918.759623
4016.348783,0.000000,-0.000000,9918.759623
4016.349099,459.657299,518.144159,9844.739029
4016.349414,612.876398,370.102971,9178.553681
4016.349729,153.219100,518.144159,9104.533087
4016.350044,919.314598,370.102971,9104.533087
4016.350359,1302.362347,-0.000000,9178.553681
4016.350674,1072.533697,-148.041188,9252.574275
4016.350989,1072.533697,-222.061783,9326.594869
4016.351304,766.095498,-370.102971,9400.615463
4016.351619,536.266849,-222.061783,9548.656652
4016.351934,689.485948,-148.041188,9400.615463
4016.352249,153.219100,148.041188,9400.615463
4016.352564,229.828649,444.123565,9178.553681
4016.352879,0.000000,296.082377,9400.615463
4016.353194,-612.876398,444.123565,9622.677246
4016.353509,-1072.533697,592.164754,9992.780217
4016.353824,-689.485948,370.102971,10362.883188
4016.354139,-995.924147,666.185348,10362.883188
4016.354454,-1149.143247,444.123565,10658.965565
4016.354770,-919.314598,296.082377,10510.924376
4016.355085,-229.828649,-0.000000,10436.903782
4016.355400,-76.609550,296.082377,10214.842000
4016.355715,383.047749,370.102971,9548.656652
4016.356030,459.657299,592.164754,9326.594869
4016.356345,536.266849,666.185348,9474.636058
4016.356660,842.705048,444.123565,9030.512492
4016.356975,919.314598,-0.000000,9030.512492
4016.357290,1378.971896,-0.000000,9104.533087
4016.357605,995.924147,-74.020594,9030.512492
4016.357920,766.095498,-370.102971,9178.553681
4016.358235,842.705048,-444.123565,9474.636058
4016.358550,689.485948,-518.144159,9252.574275
4016.358865,689.485948,-222.061783,9104.533087
4016.359180,229.828649,222.061783,9104.533087
4016.359495,0.000000,296.082377,9178.553681
4016.359810,-383.047749,296.082377,9252.574275
4016.360125,-536.266849,592.164754,9474.636058
4016.360440,-919.314598,296.082377,9844.739029
4016.360756,-919.314598,444.123565,10362.883188
4016.361071,-689.485948,518.144159,10732.986159
4016.361386,-1378.971896,-0.000000,10288.862594
4016.361701,-766.095498,518.144159,10362.883188
4016.362016,-459.657299,666.185348,10140.821405
4016.362331,0.000000,444.123565,10066.800811
4016.362646,689.485948,296.082377,10140.821405
4016.362961,536.266849,518.144159,9400.615463
4016.363276,612.876398,370.102971,9178.553681
4016.363591,383.047749,-0.000000,9104.533087
4016.363906,919.314598,-74.020594,9400.615463
4016.364221,689.485948,-518.144159,9474.636058
4016.364536,612.876398,-370.102971,9474.636058
4016.364851,766.095498,-148.041188,9252.574275
4016.365166,689.485948,-0.000000,9178.553681
4016.365481,766.095498,-0.000000,9178.553681
4016.365796,766.095498,-518.144159,9400.615463
4016.366111,229.828649,-0.000000,9104.533087
4016.366427,0.000000,444.123565,9474.636058
4016.366742,-459.657299,592.164754,9400.615463
4016.367057,76.609550,740.205942,10066.800811
4016.367372,-689.485948,740.205942,10362.883188
4016.367687,-1149.143247,444.123565,10436.903782
4016.368002,-1608.800546,74.020594,10214.842000
4016.368317,-689.485948,-0.000000,10362.883188
4016.368632,-306.438199,-0.000000,10584.944971
4016.368947,0.000000,-0.000000,10066.800811
4016.369262,306.438199,-0.000000,9770.718434
4016.369577,536.266849,518.144159,9622.677246
4016.369892,536.266849,740.205942,9326.594869
4016.370207,1072.533697,592.164754,9400.615463
4016.370522,995.924147,148.041188,9030.512492
4016.370837,1455.581446,-74.020594,8660.409521
4016.371152,1072.533697,-296.082377,8956.491898
4016.371467,995.924147,-666.185348,9104.533087
4016.371782,995.924147,-518.144159,9474.636058
4016.372097,536.266849,-370.102971,9474.636058
4016.372413,612.876398,-370.102971,9400.615463
4016.372728,229.828649,-0.000000,9178.553681
4016.373043,76.609550,-0.000000,9400.615463
4016.373358,-153.219100,444.123565,9918.759623
4016.373673,-536.266849,370.102971,9844.739029
4016.373988,-766.095498,222.061783,10140.821405
4016.374303,-766.095498,222.061783,10510.924376
4016.374618,-919.314598,370.102971,10510.924376
4016.374933,-919.314598,-296.082377,10584.944971
4016.375248,0.000000,148.041188,10584.944971
4016.375563,-153.219100,370.102971,9770.718434
4016.375878,229.828649,-0.000000,9474.636058
4016.376193,612.876398,296.082377,9252.574275
4016.376508,459.657299,222.061783,9474.636058
4016.376823,612.876398,-0.000000,9104.533087
4016.377138,612.876398,-444.123565,8956.491898
4016.377453,842.705048,-444.123565,9252.574275
4016.377768,995.924147,-666.185348,9474.636058
4016.378083,919.314598,-740.205942,9474.636058
4016.378399,612.876398,-888.247130,9178.553681
4016.378714,536.266849,-222.061783,9326.594869
4016.379029,536.266849,-148.041188,8956.491898
4016.379344,536.266849,148.041188,9104.533087
4016.379659,-229.828649,518.144159,8882.471304
4016.379974,-153.219100,518.144159,9104.533087
4016.380289,-612.876398,296.082377,9326.594869
4016.380604,-766.095498,370.102971,9548.656652
4016.380919,-536.266849,-0.000000,9918.759623
4016.381234,-1685.410096,222.061783,10288.862594
4016.381549,-1378.971896,296.082377,10510.924376
4016.381864,-919.314598,222.061783,10288.862594
4016.382179,-383.047749,-0.000000,9844.739029
4016.382494,76.609550,370.102971,9844.739029
4016.382809,229.828649,444.123565,9548.656652
4016.383124,459.657299,814.226536,8956.491898
4016.383439,612.876398,518.144159,8734.430116
4016.383754,919.314598,444.123565,8882.471304
4016.384070,1455.581446,-0.000000,9400.615463
4016.384385,919.314598,-222.061783,9030.512492
4016.384700,766.095498,-222.061783,9548.656652
4016.385015,459.657299,-444.123565,9474.636058
4016.385330,919.314598,-222.061783,9696.697840
4016.385645,229.828649,-444.123565,9622.677246
4016.385960,536.266849,74.020594,9474.636058
4016.386275,153.219100,370.102971,9474.636058
4016.386590,-229.828649,666.185348,9474.636058
4016.386905,-383.047749,1184.329507,9844.739029
4016.387220,-383.047749,1184.329507,10066.800811
4016.387535,-995.924147,666.185348,9918.759623
4016.387850,-995.924147,592.164754,10584.944971
4016.388165,-919.314598,518.144159,10510.924376
4016.388480,-842.705048,148.041188,10584.944971
4016.388795,-459.657299,296.082377,10362.883188
4016.389110,-153.219100,666.185348,9992.780217
4016.389425,0.000000,370.102971,9918.759623
4016.389740,612.876398,740.205942,9474.636058
4016.390056,995.924147,592.164754,9104.533087
4016.390371,1072.533697,666.185348,9252.574275
4016.390686,689.485948,-0.000000,9326.594869
4016.391001,1225.752797,-74.020594,9474.636058
4016.391316,1225.752797,-222.061783,9104.533087
4016.391631,1149.143247,-0.000000,10140.821405
4016.391946,766.095498,-370.102971,8956.491898
4016.392261,919.314598,-0.000000,9104.533087
4016.392576,842.705048,-74.020594,9030.512492
4016.392891,536.266849,296.082377,9326.594869
4016.393206,-229.828649,296.082377,9474.636058
4016.393521,-383.047749,444.123565,9474.636058
4016.393836,-689.485948,518.144159,9770.718434
4016.394151,-766.095498,296.082377,9548.656652
4016.394466,-1072.533697,370.102971,10066.800811
4016.394781,-1378.971896,296.082377,10807.006753
4016.395096,-1302.362347,148.041188,10584.944971
4016.395411,-919.314598,-0.000000,10436.903782
4016.395726,-536.266849,222.061783,9770.718434
4016.396042,76.609550,-0.000000,9844.739029
4016.396357,383.047749,222.061783,9548.656652
4016.396672,76.609550,222.061783,9104.533087
4016.396987,766.095498,296.082377,9178.553681
4016.397302,689.485948,-0.000000,8882.471304
4016.397617,919.314598,-74.020594,9030.512492
4016.397932,995.924147,-222.061783,9104.533087
4016.398247,689.485948,-814.226536,9178.553681
4016.398562,612.876398,-814.226536,9178.553681
4016.398877,306.438199,-814.226536,9474.636058
4016.399192,536.266849,-444.123565,9326.594869
4016.399507,153.219100,-74.020594,9178.553681
4016.399822,-229.828649,222.061783,8882.471304
4016.400137,-459.657299,222.061783,9326.594869
4016.400452,-383.047749,444.123565,9252.574275
4016.400767,-842.705048,296.082377,9770.718434
4016.401082,-919.314598,222.061783,9696.697840
4016.401397,-1149.143247,-0.000000,9992.780217
4016.401713,-689.485948,-0.000000,10510.924376
4016.402028,-612.876398,-0.000000,10510.924376
4016.402343,-229.828649,222.061783,10658.965565
4016.402658,383.047749,-0.000000,9696.697840
4016.402973,766.095498,518.144159,9548.656652
4016.403288,842.705048,444.123565,9622.677246
4016.403603,766.095498,666.185348,9104.533087
4016.403918,995.924147,148.041188,9178.553681
4016.404233,1608.800546,222.061783,9252.574275
4016.404548,1532.190996,-444.123565,9474.636058
4016.404863,1072.533697,-296.082377,9104.533087
4016.405178,689.485948,-592.164754,9326.594869
4016.405493,689.485948,-666.185348,9474.636058
4016.405808,842.705048,-296.082377,9696.697840
4016.406123,536.266849,-0.000000,9474.636058
4016.406438,306.438199,74.020594,9326.594869
4016.406753,0.000000,592.164754,9326.594869
4016.407068,0.000000,740.205942,9474.636058
4016.407383,-383.047749,148.041188,9770.718434
4016.407699,-536.266849,518.144159,10288.862594
4016.408014,-689.485948,296.082377,10288.862594
4016.408329,-842.705048,444.123565,10510.924376
4016.408644,-612.876398,148.041188,10732.986159
4016.408959,-383.047749,222.061783,10584.944971
4016.409274,-153.219100,444.123565,9844.739029
4016.409589,229.828649,-0.000000,9770.718434
4016.409904,306.438199,-0.000000,9548.656652
4016.410219,383.047749,518.144159,9474.636058
4016.410534,459.657299,222.061783,9178.553681
4016.410849,689.485948,-74.020594,8808.450710
4016.411164,995.924147,-148.041188,9252.574275
4016.411479,842.705048,-296.082377,9252.574275
4016.411794,842.705048,-370.102971,9252.574275
4016.412109,1072.533697,-888.247130,9400.615463
4016.412424,459.657299,-222.061783,9178.553681
4016.412739,536.266849,74.020594,9104.533087
4016.413054,306.438199,296.082377,9474.636058
4016.413370,0.000000,518.144159,8956.491898
4016.413685,-459.657299,592.164754,9030.512492
4016.414000,-459.657299,518.144159,9474.636058
4016.414315,-842.705048,666.185348,9918.759623
4016.414630,-766.095498,444.123565,10140.821405
4016.414945,-1149.143247,518.144159,10510.924376
4016.415260,-919.314598,-444.123565,10584.944971
4016.415575,-842.705048,74.020594,10362.883188
4016.415890,-459.657299,222.061783,9474.636058
4016.416205,0.000000,518.144159,9696.697840
4016.416520,612.876398,518.144159,9548.656652
4016.416835,383.047749,592.164754,9326.594869
4016.417150,459.657299,444.123565,9104.533087
4016.417465,919.314598,296.082377,8956.491898
4016.417780,919.314598,-0.000000,9104.533087
4016.418095,919.314598,-0.000000,9622.677246
4016.418410,536.266849,-296.082377,9696.697840
4016.418725,306.438199,-444.123565,9696.697840
4016.419040,536.266849,-0.000000,9622.677246
4016.419356,536.266849,-0.000000,9474.636058
4016.419671,306.438199,-0.000000,9474.636058
4016.419986,153.219100,518.144159,9400.615463
4016.420301,0.000000,592.164754,9252.574275
4016.420616,-76.609550,666.185348,9696.697840
4016.420931,-229.828649,592.164754,10066.800811
4016.421246,-459.657299,-0.000000,9918.759623
4016.421561,-612.876398,370.102971,10140.821405
4016.421876,-919.314598,592.164754,10436.903782
4016.422191,-689.485948,222.061783,10510.924376
4016.422506,-612.876398,296.082377,10436.903782
4016.422821,0.000000,-0.000000,9770.718434
4016.423136,459.657299,296.082377,9696.697840
4016.423451,766.095498,518.144159,9252.574275
4016.423766,689.485948,444.123565,9622.677246
4016.424081,1072.533697,148.041188,8956.491898
4016.424396,1072.533697,148.041188,9030.512492
4016.424711,1149.143247,518.144159,9104.533087
4016.425026,1225.752797,-0.000000,9252.574275
4016.425342,842.705048,-148.041188,9474.636058
4016.425657,995.924147,-444.123565,9770.718434
4016.425972,689.485948,-74.020594,9474.636058
4016.426287,459.657299,-0.000000,9178.553681
4016.426602,76.609550,296.082377,8956.491898
4016.426917,-229.828649,444.123565,9474.636058
4016.427232,-689.485948,370.102971,9474.636058
4016.427547,-766.095498,444.123565,9474.636058
4016.427862,-919.314598,666.185348,10066.800811
4016.428177,-1302.362347,148.041188,9992.780217
4016.428492,-1378.971896,148.041188,10584.944971
4016.428807,-1378.971896,-0.000000,10881.027347
4016.429122,-842.705048,-0.000000,10584.944971
4016.429437,-229.828649,296.082377,9918.759623
4016.429752,0.000000,222.061783,9548.656652
4016.430067,229.828649,-0.000000,9770.718434
4016.430382,459.657299,592.164754,8882.471304
4016.430697,689.485948,296.082377,9104.533087
4016.431013,766.095498,-222.061783,9030.512492
4016.431328,1072.533697,-592.164754,9030.512492
4016.431643,919.314598,-740.205942,9474.636058
4016.431958,536.266849,-518.144159,9252.574275
4016.432273,459.657299,-592.164754,8956.491898
4016.432588,229.828649,-222.061783,9474.636058
4016.432903,1302.362347,-74.020594,9178.553681
4016.433218,153.219100,-0.000000,9178.553681
4016.433533,229.828649,-0.000000,8956.491898
4016.433848,-229.828649,518.144159,9104.533087
4016.434163,-229.828649,666.185348,8956.491898
4016.434478,-229.828649,444.123565,9918.759623
4016.434793,-306.438199,-0.000000,10288.862594
4016.435108,-1149.143247,370.102971,10214.842000
4016.435423,-1072.533697,222.061783,10288.862594
4016.435738,-766.095498,-0.000000,10214.842000
4016.436054,-229.828649,296.082377,10510.924376
4016.436369,0.000000,370.102971,9992.780217
4016.436684,536.266849,370.102971,9696.697840
4016.436999,612.876398,518.144159,9178.553681
4016.437314,842.705048,666.185348,9030.512492
4016.437629,1532.190996,444.123565,8956.491898
4016.437944,1532.190996,-0.000000,9326.594869
4016.438259,1608.800546,-0.000000,9104.533087
4016.438574,1302.362347,-0.000000,9104.533087
4016.438890,1302.362347,-148.041188,9252.574275
4016.439205,919.314598,-74.020594,9474.636058
4016.439520,766.095498,-0.000000,9548.656652
4016.439835,612.876398,-0.000000,9400.615463
4016.440150,76.609550,296.082377,9400.615463
4016.440465,-229.828649,370.102971,9770.718434
4016.440780,-383.047749,370.102971,9474.636058
4016.441095,-995.924147,444.123565,9622.677246
4016.441411,-1072.533697,-0.000000,9992.780217
4016.441726,-1072.533697,222.061783,10584.944971
4016.442041,-842.705048,222.061783,10584.944971
4016.442356,-612.876398,296.082377,10658.965565
4016.442671,-383.047749,370.102971,10214.842000
4016.442986,-306.438199,222.061783,9622.677246
4016.443301,0.000000,296.082377,9474.636058
4016.443616,919.314598,370.102971,9104.533087
4016.443932,766.095498,592.164754,8956.491898
4016.444247,689.485948,222.061783,9104.533087
4016.444562,995.924147,-0.000000,9030.512492
4016.444877,1225.752797,-74.020594,9326.594869
4016.445192,919.314598,-518.144159,9474.636058
4016.445507,459.657299,-740.205942,9696.697840
4016.445822,536.266849,-370.102971,9844.739029
4016.446137,306.438199,-518.144159,9400.615463
4016.446452,766.095498,-0.000000,9400.615463
4016.446768,612.876398,296.082377,9474.636058
4016.447083,0.000000,370.102971,9104.533087
4016.447398,-306.438199,444.123565,9178.553681
4016.447713,-612.876398,814.226536,9104.533087
4016.448028,-612.876398,444.123565,9548.656652
4016.448343,-383.047749,222.061783,10288.862594
4016.448658,-1149.143247,370.102971,10584.944971
4016.448973,-1149.143247,-0.000000,10510.924376
4016.449289,-1072.533697,-0.000000,10140.821405
4016.449604,-383.047749,-0.000000,9770.718434
4016.449919,-229.828649,222.061783,10140.821405
4016.450234,536.266849,296.082377,9844.739029
4016.450549,306.438199,666.185348,8808.450710
4016.450864,689.485948,518.144159,8956.491898
4016.451179,1072.533697,-0.000000,9104.533087
4016.451494,995.924147,-0.000000,9400.615463
4016.451810,1072.533697,-74.020594,9178.553681
4016.452125,766.095498,-518.144159,9252.574275
4016.452440,689.485948,-518.144159,9178.553681
4016.452755,995.924147,-592.164754,9400.615463
4016.453070,229.828649,-444.123565,9770.718434
4016.453385,0.000000,-222.061783,9474.636058
4016.453700,-306.438199,296.082377,8956.491898
4016.454015,-459.657299,444.123565,9474.636058
4016.454331,-612.876398,296.082377,9622.677246
4016.454646,-766.095498,-0.000000,9696.697840
4016.454961,-1149.143247,296.082377,9992.780217
4016.455276,-919.314598,-0.000000,10436.903782
4016.455591,-995.924147,444.123565,10658.965565
4016.455906,-612.876398,-0.000000,10362.883188
4016.456221,-536.266849,296.082377,10214.842000
4016.456536,-306.438199,370.102971,9918.759623
4016.456851,383.047749,370.102971,9622.677246
4016.457167,766.095498,370.102971,9474.636058
4016.457482,919.314598,148.041188,9326.594869
4016.457797,842.705048,370.102971,9400.615463
4016.458112,1072.533697,148.041188,9104.533087
4016.458427,995.924147,-222.061783,8956.491898
4016.458742,919.314598,-148.041188,9400.615463
4016.459057,919.314598,-370.102971,9474.636058
4016.459372,536.266849,-0.000000,9622.677246
4016.459688,689.485948,148.041188,9696.697840
4016.460003,919.314598,296.082377,8808.450710
4016.460318,536.266849,962.267725,8956.491898
4016.460633,0.000000,592.164754,9326.594869
4016.460948,0.000000,592.164754,9992.780217
4016.461263,-612.876398,666.185348,9474.636058
4016.461578,-766.095498,444.123565,9770.718434
4016.461893,-842.705048,444.123565,10510.924376
4016.462209,-1072.533697,-74.020594,10584.944971
4016.462524,-995.924147,518.144159,10510.924376
4016.462839,-1149.143247,-0.000000,10140.821405
4016.463154,-459.657299,296.082377,9918.759623
4016.463469,0.000000,222.061783,9622.677246
4016.463784,229.828649,666.185348,9326.594869
4016.464099,612.876398,296.082377,9474.636058
4016.464414,536.266849,-0.000000,9104.533087
4016.464730,995.924147,-0.000000,9030.512492
4016.465045,1225.752797,-148.041188,9104.533087
4016.465360,766.095498,-518.144159,9252.574275
4016.465675,536.266849,-148.041188,9178.553681
4016.465990,612.876398,-444.123565,9104.533087
4016.466305,766.095498,-370.102971,9474.636058
4016.466620,612.876398,-740.205942,9178.553681
4016.466935,306.438199,-74.020594,9474.636058
4016.467250,229.828649,222.061783,9622.677246
4016.467566,-229.828649,-0.000000,9474.636058
4016.467881,-229.828649,740.205942,9696.697840
4016.468196,-306.438199,-0.000000,9770.718434
4016.468511,-383.047749,370.102971,10140.821405
4016.468826,-689.485948,666.185348,10288.862594
4016.469141,-842.705048,222.061783,10288.862594
4016.469456,-383.047749,-0.000000,10436.903782
4016.469771,0.000000,444.123565,10214.842000
4016.470087,76.609550,222.061783,9844.739029
4016.470402,383.047749,518.144159,9696.697840
4016.470717,689.485948,592.164754,9548.656652
4016.471032,612.876398,592.164754,9178.553681
4016.471347,612.876398,222.061783,9104.533087
4016.471662,842.705048,-296.082377,9770.718434
4016.471977,383.047749,-148.041188,9474.636058
4016.472292,383.047749,-444.123565,9178.553681
4016.472608,306.438199,-666.185348,9474.636058
4016.472923,153.219100,-666.185348,9474.636058
4016.473238,229.828649,-222.061783,9474.636058
4016.473553,76.609550,-0.000000,9178.553681
4016.473868,383.047749,296.082377,9030.512492
4016.474183,0.000000,296.082377,8956.491898
4016.474498,-612.876398,518.144159,9252.574275
4016.474813,-766.095498,444.123565,9844.739029
4016.475129,-995.924147,296.082377,9918.759623
4016.475444,-995.924147,-0.000000,9992.780217
4016.475759,-1378.971896,-74.020594,10140.821405
4016.476074,-689.485948,-222.061783,10510.924376
4016.476389,-612.876398,-0.000000,10140.821405
4016.476704,0.000000,-0.000000,9770.718434
4016.477019,459.657299,-0.000000,9696.697840
4016.477334,766.095498,370.102971,9178.553681
4016.477649,689.485948,296.082377,8956.491898
4016.477965,919.314598,-0.000000,8956.491898
4016.478280,1072.533697,-0.000000,8956.491898
4016.478595,1225.752797,-296.082377,9178.553681
4016.478910,1149.143247,-370.102971,9104.533087
4016.479225,995.924147,-444.123565,9474.636058
4016.479540,689.485948,-370.102971,9548.656652
4016.479855,612.876398,-370.102971,9252.574275
4016.480170,766.095498,-0.000000,10066.800811
4016.480486,383.047749,-0.000000,9696.697840
4016.480801,153.219100,518.144159,9474.636058
4016.481116,-229.828649,592.164754,9474.636058
4016.481431,-689.485948,666.185348,9696.697840
4016.481746,-919.314598,444.123565,9918.759623
4016.482061,-1072.533697,592.164754,10584.944971
4016.482376,-1072.533697,444.123565,10807.006753
4016.482691,-995.924147,370.102971,10732.986159
4016.483007,-306.438199,592.164754,10140.821405
4016.483322,-383.047749,444.123565,9918.759623
4016.483637,229.828649,444.123565,9918.759623
4016.483952,766.095498,444.123565,9474.636058
4016.484267,459.657299,666.185348,9252.574275
4016.484582,766.095498,444.123565,8956.491898
4016.484897,1149.143247,296.082377,8882.471304
4016.485212,1532.190996,444.123565,8808.450710
4016.485527,1149.143247,-222.061783,9326.594869
4016.485843,766.095498,-296.082377,9474.636058
4016.486158,612.876398,-444.123565,9474.636058
4016.486473,459.657299,-296.082377,9400.615463
4016.486788,612.876398,-0.000000,9326.594869
4016.487103,612.876398,-0.000000,9326.594869
4016.487418,0.000000,518.144159,9178.553681
4016.487733,0.000000,666.185348,9400.615463
4016.488048,-383.047749,814.226536,9326.594869
4016.488364,-383.047749,592.164754,9622.677246
4016.488679,-919.314598,518.144159,9918.759623
4016.488994,-1378.971896,370.102971,10214.842000
4016.489309,-1302.362347,370.102971,10658.965565
4016.489624,-1302.362347,-0.000000,10362.883188
4016.489939,-1072.533697,-0.000000,10510.924376
4016.490254,-612.876398,-0.000000,10214.842000
4016.490569,0.000000,518.144159,9918.759623
4016.490885,76.609550,222.061783,9622.677246
4016.491200,0.000000,222.061783,9622.677246
4016.491515,842.705048,148.041188,9474.636058
4016.491830,1072.533697,222.061783,9104.533087
4016.492145,919.314598,148.041188,9326.594869
4016.492460,1072.533697,-74.020594,9252.574275
4016.492775,766.095498,-0.000000,9474.636058
4016.493090,459.657299,-296.082377,9474.636058
4016.493406,536.266849,-74.020594,9400.615463
4016.493721,459.657299,-0.000000,9178.553681
4016.494036,383.047749,296.082377,8660.409521
4016.494351,0.000000,296.082377,9326.594869
4016.494666,-306.438199,74.020594,9474.636058
4016.494981,-689.485948,518.144159,9474.636058
4016.495296,-842.705048,370.102971,9696.697840
4016.495611,-766.095498,-0.000000,10436.903782
4016.495926,-689.485948,518.144159,10288.862594
4016.496242,-612.876398,-0.000000,10288.862594
4016.496557,-536.266849,148.041188,10066.800811
4016.496872,-306.438199,222.061783,9770.718434
4016.497187,306.438199,370.102971,9474.636058
4016.497502,689.485948,370.102971,9178.553681
4016.497817,612.876398,666.185348,9326.594869
4016.498132,919.314598,444.123565,9104.533087
4016.498447,1149.143247,-0.000000,9178.553681
4016.498763,1072.533697,-148.041188,9104.533087
4016.499078,842.705048,-296.082377,9474.636058
4016.499393,766.095498,-666.185348,9548.656652
4016.499708,689.485948,-592.164754,9474.636058
4016.500023,689.485948,-592.164754,9474.636058
4016.500338,842.705048,-222.061783,9178.553681
4016.500653,689.485948,-74.020594,9548.656652
4016.500968,0.000000,148.041188,9770.718434
4016.501284,0.000000,518.144159,9474.636058
4016.501599,-229.828649,666.185348,9474.636058
4016.501914,-612.876398,296.082377,9622.677246
4016.502229,-612.876398,518.144159,10288.862594
4016.502544,-1149.143247,444.123565,10658.965565
4016.502859,-1302.362347,222.061783,10658.965565
4016.503174,-1149.143247,-0.000000,10584.944971
4016.503489,-459.657299,-0.000000,10436.903782
4016.503805,0.000000,-148.041188,10214.842000
4016.504120,153.219100,222.061783,9474.636058
4016.504435,536.266849,740.205942,9474.636058
4016.504750,766.095498,296.082377,8808.450710
4016.505065,995.924147,-0.000000,9030.512492
4016.505380,1149.143247,370.102971,8882.471304
4016.505695,919.314598,-370.102971,8882.471304
4016.506010,1072.533697,-740.205942,8882.471304
4016.506325,766.095498,-740.205942,9252.574275
4016.506641,459.657299,-518.144159,9178.553681
4016.506956,766.095498,-740.205942,9252.574275
4016.507271,229.828649,-74.020594,9326.594869
4016.507586,-229.828649,222.061783,9252.574275
4016.507901,-459.657299,518.144159,9326.594869
4016.508216,-612.876398,444.123565,9252.574275
4016.508531,-766.095498,296.082377,9770.718434
4016.508846,-766.095498,370.102971,9696.697840
4016.509162,-919.314598,148.041188,10140.821405
4016.509477,-766.095498,-0.000000,10140.821405
4016.509792,-842.705048,148.041188,10658.965565
4016.510107,-229.828649,148.041188,10140.821405
4016.510422,0.000000,370.102971,9992.780217
4016.510737,229.828649,-0.000000,9622.677246
4016.511052,612.876398,518.144159,9104.533087
4016.511367,919.314598,518.144159,9252.574275
4016.511683,612.876398,222.061783,9252.574275
4016.511998,766.095498,-74.020594,9622.677246
4016.512313,1072.533697,-370.102971,8808.450710
4016.512628,689.485948,-814.226536,9326.594869
4016.512943,766.095498,-592.164754,10288.862594
4016.513258,689.485948,-148.041188,9622.677246
4016.513573,842.705048,-74.020594,9400.615463
4016.513888,689.485948,370.102971,9474.636058
4016.514204,536.266849,518.144159,9326.594869
4016.514519,306.438199,740.205942,9474.636058
4016.514834,-153.219100,814.226536,9326.594869
4016.515149,-612.876398,888.247130,10140.821405
4016.515464,-842.705048,740.205942,10140.821405
4016.515779,-689.485948,370.102971,10140.821405
4016.516094,-842.705048,444.123565,10881.027347
4016.516409,-1072.533697,-0.000000,10510.924376
4016.516724,-536.266849,148.041188,9844.739029
4016.517040,0.000000,222.061783,9992.780217
4016.517355,459.657299,148.041188,10140.821405
4016.517670,383.047749,518.144159,9474.636058
4016.517985,536.266849,222.061783,8956.491898
4016.518300,919.314598,370.102971,8808.450710
4016.518615,1072.533697,592.164754,8882.471304
4016.518930,1072.533697,-148.041188,9104.533087
4016.519245,1149.143247,-74.020594,9104.533087
4016.519561,1072.533697,-518.144159,9252.574275
4016.519876,766.095498,-592.164754,9030.512492
4016.520191,689.485948,-370.102971,9474.636058
4016.520506,229.828649,-444.123565,9474.636058
4016.520821,-153.219100,-0.000000,9178.553681
4016.521136,0.000000,222.061783,9178.553681
4016.521451,-383.047749,518.144159,9474.636058
4016.521766,-383.047749,370.102971,9474.636058
4016.522082,-766.095498,444.123565,9918.759623
4016.522397,-612.876398,814.226536,10362.883188
4016.522712,-995.924147,-0.000000,10955.047942
4016.523027,-612.876398,222.061783,10436.903782
4016.523342,-459.657299,370.102971,9918.759623
4016.523657,-306.438199,444.123565,10214.842000
4016.523972,0.000000,148.041188,10140.821405
4016.524287,229.828649,296.082377,9548.656652
4016.524602,459.657299,444.123565,9326.594869
4016.524918,536.266849,148.041188,9252.574275
4016.525233,689.485948,-0.000000,9400.615463
4016.525548,1302.362347,-222.061783,9622.677246
4016.525863,919.314598,-296.082377,9474.636058
4016.526178,459.657299,-666.185348,9474.636058
4016.526493,689.485948,-370.102971,9400.615463
4016.526808,536.266849,-370.102971,9400.615463
4016.527123,689.485948,-222.061783,9400.615463
4016.527439,153.219100,370.102971,9178.553681
4016.527754,0.000000,814.226536,9178.553681
4016.528069,-229.828649,888.247130,9400.615463
4016.528384,-229.828649,592.164754,9178.553681
4016.528699,-459.657299,222.061783,9474.636058
4016.529014,-1225.752797,592.164754,10066.800811
4016.529329,-995.924147,370.102971,10288.862594
4016.529644,-1532.190996,148.041188,10510.924376
4016.529960,-1225.752797,-74.020594,10436.903782
4016.530275,-689.485948,370.102971,10510.924376
4016.530590,-383.047749,370.102971,9474.636058
4016.530905,306.438199,444.123565,9474.636058
4016.531220,536.266849,518.144159,9844.739029
4016.531535,995.924147,518.144159,9400.615463
4016.531850,995.924147,444.123565,8882.471304
4016.532165,1302.362347,-0.000000,8734.430116
4016.532481,1608.800546,-222.061783,8882.471304
4016.532796,1378.971896,-148.041188,9400.615463
4016.533111,995.924147,-296.082377,9400.615463
4016.533426,1072.533697,-666.185348,9548.656652
4016.533741,1072.533697,-592.164754,9548.656652
4016.534056,842.705048,-74.020594,9104.533087
4016.534371,229.828649,-0.000000,9326.594869
4016.534686,0.000000,222.061783,9770.718434
4016.535001,-229.828649,-0.000000,9696.697840
4016.535316,-459.657299,592.164754,9918.759623
4016.535631,-459.657299,592.164754,10066.800811
4016.535946,-459.657299,740.205942,10288.862594
4016.536261,-766.095498,222.061783,10658.965565
4016.536576,-842.705048,444.123565,10658.965565
4016.536891,-306.438199,148.041188,10140.821405
4016.537207,-229.828649,148.041188,10140.821405
4016.537522,229.828649,518.144159,9770.718434
4016.537837,306.438199,-222.061783,9844.739029
4016.538152,459.657299,296.082377,9326.594869
4016.538467,689.485948,-0.000000,9178.553681
4016.538782,919.314598,-148.041188,9030.512492
4016.539097,995.924147,-148.041188,9104.533087
4016.539412,689.485948,-444.123565,9178.553681
4016.539727,766.095498,-370.102971,8956.491898
4016.540042,842.705048,-296.082377,8882.471304
4016.540357,766.095498,-222.061783,8882.471304
4016.540672,689.485948,-148.041188,9326.594869
4016.540987,842.705048,-74.020594,9474.636058
4016.541302,229.828649,148.041188,8882.471304
4016.541617,76.609550,814.226536,9030.512492
4016.541932,-689.485948,444.123565,9400.615463
4016.542247,-689.485948,148.041188,9844.739029
4016.542562,-1149.143247,222.061783,10140.821405
4016.542878,-1149.143247,-148.041188,10288.862594
4016.543193,-1378.971896,-74.020594,10436.903782
4016.543508,-1225.752797,-0.000000,10658.965565
4016.543823,-612.876398,296.082377,10288.862594
4016.544138,153.219100,-0.000000,9992.780217
4016.544453,0.000000,-0.000000,9844.739029
4016.544768,536.266849,518.144159,9252.574275
4016.545083,612.876398,592.164754,9104.533087
4016.545398,1685.410096,-0.000000,9104.533087
4016.545713,919.314598,-296.082377,8882.471304
4016.546028,842.705048,-148.041188,9104.533087
4016.546343,766.095498,-592.164754,9474.636058
4016.546658,536.266849,-592.164754,9622.677246
4016.546973,306.438199,-592.164754,9918.759623
4016.547288,229.828649,-518.144159,9992.780217
4016.547603,0.000000,-296.082377,9622.677246
4016.547918,0.000000,296.082377,9474.636058
4016.548234,-459.657299,592.164754,9548.656652
4016.548549,0.000000,370.102971,9622.677246
4016.548864,-612.876398,666.185348,9474.636058
4016.549179,-689.485948,592.164754,9844.739029
4016.549494,-842.705048,296.082377,10140.821405
4016.549809,-1225.752797,444.123565,10510.924376
4016.550124,-1072.533697,-0.000000,10436.903782
4016.550439,-842.705048,-0.000000,10214.842000
4016.550754,-153.219100,444.123565,10362.883188
4016.551069,153.219100,370.102971,9474.636058
4016.551384,153.219100,-74.020594,9400.615463
4016.551699,459.657299,370.102971,9178.553681
4016.552014,459.657299,148.041188,8586.388927
4016.552329,995.924147,296.082377,8660.409521
4016.552644,1302.362347,-0.000000,8586.388927
4016.552959,1378.971896,-296.082377,9400.615463
4016.553274,842.705048,-370.102971,9326.594869
4016.553589,766.095498,-148.041188,8882.471304
4016.553905,919.314598,-0.000000,9030.512492
4016.554220,1149.143247,296.082377,9252.574275
4016.554535,306.438199,666.185348,9400.615463
4016.554850,0.000000,148.041188,8808.450710
4016.555165,-459.657299,518.144159,9326.594869
4016.555480,-612.876398,592.164754,9474.636058
4016.555795,-995.924147,296.082377,9770.718434
4016.556110,-842.705048,296.082377,10214.842000
4016.556425,-1532.190996,444.123565,10732.986159
4016.556740,-1302.362347,-0.000000,10510.924376
4016.557055,-459.657299,222.061783,10362.883188
4016.557370,0.000000,-0.000000,10584.944971
4016.557685,229.828649,296.082377,10436.903782
4016.558000,536.266849,444.123565,9474.636058
4016.558315,383.047749,740.205942,9474.636058
4016.558630,919.314598,592.164754,9178.553681
4016.558945,1532.190996,-0.000000,8956.491898
4016.559261,1225.752797,-148.041188,9104.533087
4016.559576,1072.533697,-296.082377,9400.615463
4016.559891,536.266849,-444.123565,9548.656652
4016.560206,536.266849,-296.082377,9474.636058
4016.560521,459.657299,-444.123565,9622.677246
4016.560836,383.047749,-0.000000,9696.697840
4016.561151,0.000000,-148.041188,9252.574275
4016.561466,-383.047749,444.123565,9252.574275
4016.561781,-383.047749,518.144159,9326.594869
4016.562096,-229.828649,370.102971,9326.594869
4016.562411,-842.705048,888.247130,9474.636058
4016.562726,-766.095498,814.226536,9696.697840
4016.563041,-689.485948,666.185348,10362.883188
4016.563356,-766.095498,222.061783,9992.780217
4016.563671,-995.924147,-74.020594,9918.759623
4016.563986,-612.876398,222.061783,10362.883188
4016.564301,-229.828649,444.123565,9622.677246
4016.564616,76.609550,444.123565,9696.697840
4016.564932,612.876398,518.144159,9474.636058
4016.565247,766.095498,222.061783,9178.553681
4016.565562,1149.143247,148.041188,9252.574275
4016.565877,919.314598,-0.000000,9030.512492
4016.566192,1302.362347,-74.020594,9252.574275
4016.566507,1225.752797,-74.020594,9326.594869
4016.566822,995.924147,-148.041188,9400.615463
4016.567137,689.485948,-0.000000,9178.553681
4016.567452,919.314598,-0.000000,9474.636058
4016.567767,459.657299,222.061783,9400.615463
4016.568082,153.219100,222.061783,9474.636058
4016.568397,153.219100,-0.000000,9474.636058
4016.568712,-306.438199,222.061783,9474.636058
4016.569027,-383.047749,592.164754,9474.636058
4016.569342,-842.705048,592.164754,10288.862594
4016.569657,-1072.533697,-0.000000,10436.903782
4016.569972,-842.705048,444.123565,11103.089130
4016.570288,-995.924147,-0.000000,10362.883188
4016.570603,-383.047749,-0.000000,10066.800811
4016.570918,0.000000,-0.000000,10214.842000
4016.571233,306.438199,-0.000000,9844.739029
4016.571548,689.485948,370.102971,10066.800811
4016.571863,459.657299,148.041188,9474.636058
4016.572178,995.924147,222.061783,9030.512492
4016.572493,1225.752797,-0.000000,9178.553681
4016.572808,1685.410096,-148.041188,8808.450710
4016.573123,1838.629195,-370.102971,9178.553681
4016.573438,995.924147,-592.164754,9030.512492
4016.573753,842.705048,-592.164754,9474.636058
4016.574068,766.095498,-740.205942,9252.574275
4016.574383,229.828649,-814.226536,9104.533087
4016.574698,306.438199,-370.102971,9474.636058
4016.575013,0.000000,-0.000000,9252.574275
4016.575328,-383.047749,-222.061783,9622.677246
4016.575643,-383.047749,222.061783,9474.636058
4016.575959,-689.485948,-0.000000,9770.718434
4016.576274,-383.047749,-0.000000,10066.800811
4016.576589,-919.314598,-0.000000,9844.739029
4016.576904,-459.657299,148.041188,10436.903782
4016.577219,-383.047749,-0.000000,10140.821405
4016.577534,-153.219100,-0.000000,9918.759623
4016.577849,0.000000,-0.000000,9992.780217
4016.578164,229.828649,-0.000000,9474.636058
4016.578479,383.047749,518.144159,9474.636058
4016.578794,306.438199,222.061783,9326.594869
4016.579109,689.485948,-148.041188,9474.636058
4016.579424,612.876398,-888.247130,8956.491898
4016.579739,612.876398,-814.226536,9400.615463
4016.580054,306.438199,-814.226536,9548.656652
4016.580369,306.438199,-518.144159,9474.636058
4016.580684,459.657299,-148.041188,9548.656652
4016.580999,612.876398,-0.000000,9474.636058
4016.581315,536.266849,-0.000000,8956.491898
4016.581630,306.438199,592.164754,9030.512492
4016.581945,0.000000,888.247130,9104.533087
4016.582260,-383.047749,740.205942,9474.636058
4016.582575,-842.705048,296.082377,9770.718434
4016.582890,-1532.190996,296.082377,10140.821405
4016.583205,-1302.362347,222.061783,10510.924376
4016.583520,-1455.581446,-74.020594,10658.965565
4016.583835,-919.314598,-0.000000,10732.986159
4016.584150,-919.314598,148.041188,10658.965565
4016.584465,-153.219100,-0.000000,10140.821405
4016.584780,306.438199,666.185348,9770.718434
4016.585095,536.266849,740.205942,9030.512492
4016.585410,995.924147,814.226536,8882.471304
4016.585725,995.924147,962.267725,8882.471304
4016.586040,1378.971896,740.205942,8882.471304
4016.586355,1378.971896,444.123565,9104.533087
4016.586670,1302.362347,-0.000000,9030.512492
4016.586986,1149.143247,-222.061783,9622.677246
4016.587301,306.438199,-148.041188,9474.636058
4016.587616,536.266849,-444.123565,9474.636058
4016.587931,153.219100,-222.061783,9548.656652
4016.588246,0.000000,148.041188,9548.656652
4016.588561,0.000000,592.164754,9548.656652
4016.588876,-229.828649,666.185348,9474.636058
4016.589191,-153.219100,814.226536,9844.739029
4016.589506,-306.438199,740.205942,9992.780217
4016.589821,-536.266849,814.226536,10214.842000
4016.590136,0.000000,666.185348,10436.903782
4016.590451,-536.266849,518.144159,10362.883188
4016.590766,-459.657299,222.061783,9992.780217
4016.591081,0.000000,444.123565,9918.759623
4016.591396,306.438199,370.102971,10066.800811
4016.591711,919.314598,370.102971,9622.677246
4016.592026,383.047749,296.082377,9622.677246
4016.592342,612.876398,-0.000000,9178.553681
4016.592657,842.705048,-222.061783,9252.574275
4016.592972,995.924147,-444.123565,9474.636058
4016.593287,689.485948,-888.247130,9622.677246
4016.593602,536.266849,-518.144159,9474.636058
4016.593917,536.266849,-222.061783,9178.553681
4016.594232,842.705048,-0.000000,9252.574275
4016.594547,689.485948,-0.000000,9030.512492
4016.594862,689.485948,222.061783,9104.533087
4016.595177,76.609550,148.041188,8734.430116
4016.595492,-459.657299,222.061783,9252.574275
4016.595807,-766.095498,370.102971,9400.615463
4016.596122,-842.705048,296.082377,9548.656652
4016.596437,-1225.752797,-74.020594,9918.759623
4016.596752,-1532.190996,-0.000000,10436.903782
4016.597067,-1378.971896,-0.000000,10362.883188
4016.597382,-842.705048,-0.000000,10288.862594
4016.597698,-306.438199,148.041188,10140.821405
4016.598013,0.000000,222.061783,9844.739029
4016.598328,229.828649,296.082377,9474.636058
4016.598643,689.485948,592.164754,9178.553681
4016.598958,766.095498,444.123565,9252.574275
4016.599273,995.924147,370.102971,9030.512492
4016.599588,1378.971896,-0.000000,9104.533087
4016.599903,1149.143247,-74.020594,9326.594869
4016.600218,842.705048,-444.123565,9622.677246
4016.600533,536.266849,-962.267725,9474.636058
4016.600848,612.876398,-518.144159,9474.636058
4016.601163,153.219100,-592.164754,9844.739029
4016.601478,76.609550,-148.041188,9474.636058
4016.601793,0.000000,296.082377,9474.636058
4016.602108,-153.219100,-0.000000,9918.759623
4016.602423,-459.657299,-0.000000,9474.636058
4016.602738,-383.047749,296.082377,9622.677246
4016.603053,-383.047749,444.123565,9770.718434
4016.603369,-459.657299,370.102971,10510.924376
4016.603684,-689.485948,222.061783,10288.862594
4016.603999,-306.438199,222.061783,10066.800811
4016.604314,-229.828649,444.123565,10362.883188
4016.604629,-229.828649,444.123565,9992.780217
4016.604944,459.657299,-0.000000,9918.759623
4016.605259,459.657299,-0.000000,9474.636058
4016.605574,689.485948,-74.020594,9474.636058
4016.605889,842.705048,-74.020594,9252.574275
4016.606204,1149.143247,-74.020594,8956.491898
4016.606519,1225.752797,-148.041188,9474.636058
4016.606834,1302.362347,-444.123565,9326.594869
4016.607149,919.314598,-518.144159,9178.553681
4016.607464,1225.752797,-370.102971,8956.491898
4016.607779,1072.533697,-0.000000,9030.512492
4016.608094,689.485948,-0.000000,9030.512492
4016.608409,536.266849,370.102971,9030.512492
4016.608725,0.000000,592.164754,9104.533087
4016.609040,-383.047749,666.185348,9696.697840
4016.609355,-383.047749,296.082377,9474.636058
4016.609670,-689.485948,370.102971,10288.862594
4016.609985,-995.924147,-0.000000,10362.883188
4016.610300,-1302.362347,296.082377,10658.965565
4016.610615,-995.924147,-0.000000,10362.883188
4016.610930,-536.266849,-0.000000,10658.965565
4016.611245,-536.266849,148.041188,10288.862594
4016.611560,76.609550,592.164754,9622.677246
4016.611875,689.485948,888.247130,9474.636058
4016.612190,459.657299,592.164754,9474.636058
4016.612505,919.314598,740.205942,9178.553681
4016.612820,1072.533697,222.061783,8956.491898
4016.613135,1149.143247,-0.000000,9030.512492
4016.613450,306.438199,-0.000000,9326.594869
4016.613765,306.438199,-592.164754,9622.677246
4016.614080,306.438199,-888.247130,9918.759623
4016.614396,76.609550,-592.164754,9770.718434
4016.614711,76.609550,-296.082377,9326.594869
4016.615026,76.609550,-0.000000,9622.677246
4016.615341,0.000000,444.123565,9474.636058
4016.615656,-536.266849,370.102971,9474.636058
4016.615971,-383.047749,888.247130,9474.636058
4016.616286,-536.266849,740.205942,9844.739029
4016.616601,-536.266849,1036.288319,9696.697840
4016.616916,-536.266849,666.185348,10140.821405
4016.617231,-995.924147,222.061783,10510.924376
4016.617546,-995.924147,-0.000000,10436.903782
4016.617861,-766.095498,148.041188,10214.842000
4016.618176,0.000000,-0.000000,9770.718434
4016.618491,229.828649,-0.000000,9844.739029
4016.618806,536.266849,222.061783,9622.677246
4016.619121,612.876398,370.102971,9400.615463
4016.619436,919.314598,148.041188,9178.553681
4016.619752,1225.752797,-0.000000,9104.533087
4016.620067,1532.190996,-0.000000,8734.430116
4016.620382,1225.752797,-74.020594,9326.594869
4016.620697,995.924147,-74.020594,9622.677246
4016.621012,842.705048,-0.000000,9474.636058
4016.621327,689.485948,-0.000000,9326.594869
4016.621642,612.876398,-74.020594,9474.636058
4016.621957,229.828649,296.082377,9326.594869
4016.622272,0.000000,518.144159,9400.615463
4016.622587,-536.266849,370.102971,9622.677246
4016.622902,-459.657299,-0.000000,9844.739029
4016.623217,-536.266849,444.123565,9770.718434
4016.623532,-1225.752797,148.041188,10214.842000
4016.623847,-1149.143247,-0.000000,10436.903782
4016.624162,-995.924147,-0.000000,10584.944971
4016.624477,-689.485948,370.102971,10288.862594
4016.624792,-153.219100,-0.000000,10140.821405
4016.625107,153.219100,222.061783,9918.759623
4016.625423,153.219100,518.144159,9104.533087
4016.625738,306.438199,296.082377,9104.533087
4016.626053,536.266849,370.102971,9326.594869
4016.626368,1302.362347,-0.000000,9252.574275
4016.626683,919.314598,-148.041188,8956.491898
4016.626998,766.095498,-370.102971,9400.615463
4016.627313,766.095498,-740.205942,9474.636058
4016.627628,459.657299,-518.144159,9474.636058
4016.627943,459.657299,-444.123565,9770.718434
4016.628258,306.438199,-296.082377,9474.636058
4016.628573,0.000000,-0.000000,9252.574275
4016.628888,-306.438199,296.082377,9030.512492
4016.629203,-306.438199,370.102971,9326.594869
4016.629518,-689.485948,370.102971,9696.697840
4016.629833,-689.485948,666.185348,9844.739029
4016.630148,-612.876398,444.123565,10066.800811
4016.630463,-842.705048,296.082377,10214.842000
4016.630779,-842.705048,370.102971,10436.903782
4016.631094,-536.266849,-0.000000,10214.842000
4016.631409,-459.657299,222.061783,10214.842000
4016.631724,-306.438199,222.061783,9844.739029
4016.632039,76.609550,-0.000000,9474.636058
4016.632354,306.438199,592.164754,9326.594869
4016.632669,306.438199,296.082377,9178.553681
4016.632984,459.657299,148.041188,9474.636058
4016.633299,766.095498,-148.041188,9326.594869
4016.633614,919.314598,-296.082377,9474.636058
4016.633929,919.314598,-222.061783,9622.677246
4016.634244,689.485948,-296.082377,9400.615463
4016.634559,1072.533697,-74.020594,9474.636058
4016.634874,612.876398,296.082377,9326.594869
4016.635190,689.485948,518.144159,9104.533087
4016.635505,536.266849,666.185348,9030.512492
4016.635820,0.000000,666.185348,9474.636058
4016.636135,-229.828649,814.226536,9474.636058
4016.636450,-612.876398,666.185348,9696.697840
4016.636765,-919.314598,740.205942,10140.821405
4016.637080,-1149.143247,296.082377,10436.903782
4016.637395,-919.314598,-0.000000,10584.944971
4016.637711,-995.924147,148.041188,10436.903782
4016.638026,-383.047749,-0.000000,10288.862594
4016.638341,0.000000,-0.000000,9770.718434
4016.638656,536.266849,148.041188,9622.677246
4016.638971,995.924147,222.061783,9326.594869
4016.639286,689.485948,370.102971,9400.615463
4016.639601,919.314598,518.144159,8882.471304
4016.639917,1378.971896,370.102971,9252.574275
4016.640232,1302.362347,148.041188,9400.615463
4016.640547,919.314598,-74.020594,9252.574275
4016.640862,459.657299,-370.102971,9474.636058
4016.641177,536.266849,-222.061783,9622.677246
4016.641492,536.266849,-74.020594,9770.718434
4016.641807,229.828649,-0.000000,9548.656652
4016.642122,459.657299,444.123565,9844.739029
4016.642438,-229.828649,-0.000000,9696.697840
4016.642753,-536.266849,888.247130,9474.636058
4016.643068,-689.485948,592.164754,9474.636058
4016.643383,-689.485948,666.185348,9770.718434
4016.643698,-842.705048,518.144159,10881.027347
4016.644013,-995.924147,444.123565,10140.821405
4016.644328,-1072.533697,-222.061783,9844.739029
4016.644643,-459.657299,-74.020594,10510.924376
4016.644959,0.000000,-0.000000,10288.862594
4016.645274,153.219100,-370.102971,9548.656652
4016.645589,0.000000,-148.041188,9696.697840
4016.645904,383.047749,-74.020594,9178.553681
4016.646219,689.485948,-0.000000,9178.553681
4016.646534,1072.533697,-0.000000,9252.574275
4016.646849,1378.971896,-296.082377,9252.574275
4016.647164,1072.533697,-370.102971,8808.450710
4016.647480,689.485948,-296.082377,9178.553681
4016.647795,842.705048,-370.102971,9326.594869
4016.648110,689.485948,-518.144159,9474.636058
4016.648425,919.314598,-370.102971,9326.594869
4016.648740,459.657299,-74.020594,9252.574275
4016.649055,76.609550,370.102971,9252.574275
4016.649370,-306.438199,222.061783,9548.656652
4016.649685,-995.924147,-0.000000,9622.677246
4016.650001,-612.876398,-0.000000,9770.718434
4016.650316,-536.266849,296.082377,9696.697840
4016.650631,-689.485948,222.061783,10214.842000
4016.650946,-689.485948,-0.000000,10658.965565
4016.651261,-306.438199,-0.000000,10066.800811
4016.651576,-76.609550,-0.000000,9696.697840
4016.651891,0.000000,-0.000000,9326.594869
4016.652207,536.266849,444.123565,9770.718434
4016.652522,536.266849,222.061783,9252.574275
4016.652837,995.924147,296.082377,9178.553681
4016.653152,919.314598,222.061783,9252.574275
4016.653467,995.924147,-74.020594,9252.574275
4016.653782,919.314598,-0.000000,9030.512492
4016.654097,842.705048,-370.102971,9474.636058
4016.654412,842.705048,-592.164754,9844.739029
4016.654728,76.609550,-518.144159,9696.697840
4016.655043,0.000000,-296.082377,9474.636058
4016.655358,76.609550,-148.041188,9770.718434
4016.655673,-229.828649,592.164754,9474.636058
4016.655988,-153.219100,296.082377,9622.677246
4016.656303,-383.047749,740.205942,9770.718434
4016.656618,-689.485948,666.185348,9696.697840
4016.656933,-766.095498,444.123565,9696.697840
4016.657249,-842.705048,592.164754,10510.924376
4016.657564,-1072.533697,518.144159,10140.821405
4016.657879,-689.485948,370.102971,10288.862594
4016.658194,-766.095498,296.082377,9992.780217
4016.658509,-459.657299,-0.000000,9844.739029
4016.658824,0.000000,-148.041188,9844.739029
4016.659139,153.219100,222.061783,9474.636058
4016.659454,306.438199,370.102971,9548.656652
4016.659770,766.095498,370.102971,9252.574275
4016.660085,1072.533697,148.041188,8882.471304
4016.660400,995.924147,-0.000000,9030.512492
4016.660715,1378.971896,-74.020594,9474.636058
4016.661030,919.314598,-148.041188,9178.553681
4016.661345,1149.143247,-74.020594,9104.533087
4016.661660,766.095498,-74.020594,9400.615463
4016.661975,612.876398,296.082377,8882.471304
4016.662291,306.438199,370.102971,8808.450710
4016.662606,153.219100,814.226536,9104.533087
4016.662921,-536.266849,518.144159,9548.656652
4016.663236,-459.657299,518.144159,9548.656652
4016.663551,-689.485948,296.082377,9918.759623
4016.663866,-1378.971896,296.082377,10214.842000
4016.664181,-1378.971896,296.082377,10584.944971
4016.664497,-1072.533697,740.205942,10584.944971
4016.664812,-766.095498,444.123565,10362.883188
4016.665127,0.000000,-0.000000,10140.821405
4016.665442,459.657299,444.123565,9622.677246
4016.665757,919.314598,1036.288319,8956.491898
4016.666072,842.705048,814.226536,9030.512492
4016.666387,1455.581446,518.144159,9178.553681
4016.666702,1072.533697,296.082377,9178.553681
4016.667018,995.924147,-0.000000,9252.574275
4016.667333,1072.533697,-370.102971,8956.491898
4016.667648,536.266849,-518.144159,9474.636058
4016.667963,459.657299,-370.102971,9770.718434
4016.668278,383.047749,-666.185348,9696.697840
4016.668593,612.876398,-148.041188,9474.636058
4016.668908,459.657299,-148.041188,9400.615463
4016.669223,76.609550,222.061783,9252.574275
4016.669539,76.609550,444.123565,9326.594869
4016.669854,0.000000,740.205942,9548.656652
4016.670169,-536.266849,666.185348,9844.739029
4016.670484,-689.485948,592.164754,10214.842000
4016.670799,-612.876398,370.102971,9844.739029
4016.671114,-1072.533697,296.082377,9918.759623
4016.671429,-766.095498,-0.000000,10807.006753
4016.671744,-766.095498,-148.041188,10288.862594
4016.672060,-229.828649,-296.082377,10436.903782
4016.672375,0.000000,-148.041188,10066.800811
4016.672690,306.438199,-0.000000,9548.656652
4016.673005,995.924147,296.082377,9104.533087
4016.673320,459.657299,148.041188,8808.450710
4016.673635,689.485948,-148.041188,8882.471304
4016.673950,842.705048,-74.020594,9400.615463
4016.674265,1072.533697,-296.082377,9326.594869
4016.674581,459.657299,-518.144159,9178.553681
4016.674896,689.485948,-518.144159,9252.574275
4016.675211,306.438199,-370.102971,9326.594869
4016.675526,383.047749,-74.020594,9474.636058
4016.675841,0.000000,-74.020594,9400.615463
4016.676156,-153.219100,-74.020594,9252.574275
4016.676471,-689.485948,370.102971,9622.677246
4016.676787,-842.705048,370.102971,9178.553681
4016.677102,-842.705048,222.061783,9622.677246
4016.677417,-995.924147,222.061783,9918.759623
4016.677732,-995.924147,-148.041188,10140.821405
4016.678047,-842.705048,-0.000000,9992.780217
4016.678362,-153.219100,-0.000000,10140.821405
4016.678677,0.000000,-0.000000,9770.718434
4016.678992,306.438199,-0.000000,9622.677246
4016.679308,536.266849,370.102971,9474.636058
4016.679623,766.095498,-0.000000,9400.615463
4016.679938,383.047749,444.123565,8882.471304
4016.680253,1455.581446,-148.041188,9104.533087
4016.680568,1455.581446,-370.102971,9178.553681
4016.680883,1225.752797,-148.041188,9326.594869
4016.681198,1149.143247,-592.164754,9474.636058
4016.681513,842.705048,-518.144159,9400.615463
4016.681829,995.924147,-0.000000,9326.594869
4016.682144,766.095498,-74.020594,8956.491898
4016.682459,842.705048,-0.000000,9178.553681
4016.682774,229.828649,370.102971,9326.594869
4016.683089,0.000000,888.247130,9474.636058
4016.683404,-383.047749,740.205942,9326.594869
4016.683719,-229.828649,740.205942,9696.697840
4016.684034,-1072.533697,888.247130,10436.903782
4016.684350,-1072.533697,296.082377,10214.842000
4016.684665,-1378.971896,-0.000000,10732.986159
4016.684980,-766.095498,-0.000000,11325.150913
4016.685295,-536.266849,592.164754,10881.027347
4016.685610,-229.828649,888.247130,10362.883188
4016.685925,229.828649,1110.308913,9770.718434
4016.686240,536.266849,1110.308913,9770.718434
4016.686555,536.266849,888.247130,9474.636058
4016.686871,1072.533697,592.164754,9104.533087
4016.687186,1225.752797,444.123565,9252.574275
4016.687501,995.924147,222.061783,9252.574275
4016.687816,689.485948,-0.000000,9474.636058
4016.688131,689.485948,-518.144159,9474.636058
4016.688446,459.657299,-518.144159,9548.656652
4016.688761,153.219100,-0.000000,9400.615463
4016.689076,0.000000,-0.000000,9474.636058
4016.689392,-306.438199,-0.000000,9178.553681
4016.689707,-306.438199,-148.041188,9474.636058
4016.690022,-1072.533697,444.123565,9400.615463
4016.690337,-995.924147,592.164754,9474.636058
4016.690652,-689.485948,444.123565,9918.759623
4016.690967,-919.314598,444.123565,10436.903782
4016.691282,-766.095498,-0.000000,10066.800811
4016.691598,-919.314598,222.061783,10288.862594
4016.691913,-689.485948,-0.000000,9918.759623
4016.692228,-306.438199,296.082377,9770.718434
4016.692543,153.219100,148.041188,9918.759623
4016.692858,0.000000,-0.000000,9178.553681
4016.693173,76.609550,-0.000000,9474.636058
4016.693488,766.095498,-296.082377,9252.574275
4016.693803,919.314598,-148.041188,9326.594869
4016.694119,1302.362347,-444.123565,9252.574275
4016.694434,1149.143247,-444.123565,9622.677246
4016.694749,842.705048,-444.123565,9474.636058
4016.695064,995.924147,-444.123565,8882.471304
4016.695379,995.924147,-222.061783,9030.512492
4016.695694,1072.533697,-74.020594,9030.512492
4016.696009,689.485948,148.041188,8734.430116
4016.696324,153.219100,370.102971,8882.471304
4016.696640,-153.219100,296.082377,9400.615463
4016.696955,-306.438199,296.082377,9696.697840
4016.697270,-766.095498,296.082377,10066.800811
4016.697585,-995.924147,-0.000000,10362.883188
4016.697900,-1225.752797,148.041188,10732.986159
4016.698215,-919.314598,-0.000000,10658.965565
4016.698530,-536.266849,-0.000000,10362.883188
4016.698845,-229.828649,-0.000000,10066.800811
4016.699161,306.438199,296.082377,9844.739029
4016.699476,842.705048,740.205942,9326.594869
4016.699791,919.314598,740.205942,9104.533087
4016.700106,995.924147,148.041188,8882.471304
4016.700421,1532.190996,-74.020594,8512.368333
4016.700736,1225.752797,-74.020594,8956.491898
4016.701051,919.314598,-296.082377,9178.553681
4016.701366,459.657299,-740.205942,9326.594869
4016.701682,689.485948,-592.164754,9622.677246
4016.701997,459.657299,-888.247130,9844.739029
4016.702312,76.609550,-592.164754,9696.697840
4016.702627,0.000000,-518.144159,9400.615463
4016.702942,-306.438199,-0.000000,9622.677246
4016.703257,-459.657299,-0.000000,10066.800811
4016.703572,-766.095498,-0.000000,9696.697840
4016.703888,-766.095498,740.205942,9992.780217
4016.704203,-689.485948,814.226536,10140.821405
4016.704518,-1149.143247,740.205942,10362.883188
4016.704833,-689.485948,666.185348,10510.924376
4016.705148,0.000000,-0.000000,10955.047942
4016.705463,-229.828649,518.144159,10362.883188
4016.705778,0.000000,-0.000000,9992.780217
4016.706093,76.609550,444.123565,9770.718434
4016.706409,76.609550,370.102971,9622.677246
4016.706724,459.657299,222.061783,9622.677246
4016.707039,459.657299,-0.000000,9252.574275
4016.707354,459.657299,-0.000000,9178.553681
4016.707669,536.266849,-148.041188,9326.594869
4016.707984,383.047749,-0.000000,9474.636058
4016.708299,919.314598,-518.144159,9400.615463
4016.708614,919.314598,-0.000000,9400.615463
4016.708930,842.705048,296.082377,8808.450710
4016.709245,383.047749,444.123565,9178.553681
4016.709560,306.438199,518.144159,8808.450710
4016.709875,0.000000,888.247130,9326.594869
4016.710190,0.000000,814.226536,9400.615463
4016.710505,-383.047749,296.082377,9622.677246
4016.710820,-459.657299,296.082377,9548.656652
4016.711135,-995.924147,296.082377,10362.883188
4016.711451,-1072.533697,222.061783,10288.862594
4016.711766,-689.485948,-0.000000,10140.821405
4016.712081,-612.876398,74.020594,10066.800811
4016.712396,0.000000,-0.000000,9918.759623
4016.712711,459.657299,-0.000000,9696.697840
4016.713026,689.485948,148.041188,9326.594869
4016.713341,995.924147,148.041188,8956.491898
4016.713656,1225.752797,518.144159,8808.450710
4016.713972,1455.581446,-0.000000,9252.574275
4016.714287,1915.238745,-370.102971,9178.553681
4016.714602,1455.581446,-222.061783,9030.512492
4016.714917,1302.362347,-222.061783,8956.491898
4016.715232,1149.143247,-444.123565,9326.594869
4016.715547,995.924147,-296.082377,9474.636058
4016.715862,383.047749,-148.041188,9474.636058
4016.716178,229.828649,-222.061783,9326.594869
4016.716493,0.000000,222.061783,9548.656652
4016.716808,-536.266849,444.123565,9696.697840
4016.717123,-306.438199,-0.000000,9844.739029
4016.717438,-919.314598,592.164754,10436.903782
4016.717753,-1225.752797,222.061783,10362.883188
4016.718068,-1532.190996,370.102971,10510.924376
4016.718383,-1225.752797,296.082377,10658.965565
4016.718699,-842.705048,370.102971,10436.903782
4016.719014,-536.266849,444.123565,10140.821405
4016.719329,229.828649,444.123565,10066.800811
4016.719644,383.047749,518.144159,9474.636058
4016.719959,536.266849,666.185348,9474.636058
4016.720274,536.266849,518.144159,8956.491898
4016.720589,689.485948,-0.000000,9178.553681
4016.720904,766.095498,-74.020594,9030.512492
4016.721220,689.485948,-518.144159,9030.512492
4016.721535,459.657299,-740.205942,9474.636058
4016.721850,536.266849,-370.102971,9622.677246
4016.722165,229.828649,-296.082377,9474.636058
4016.722480,229.828649,-222.061783,9178.553681
4016.722795,0.000000,-0.000000,8956.491898
4016.723110,0.000000,222.061783,9178.553681
4016.723425,0.000000,222.061783,9326.594869
4016.723741,-383.047749,518.144159,9326.594869
4016.724056,-689.485948,370.102971,9474.636058
4016.724371,-383.047749,444.123565,9696.697840
4016.724686,-766.095498,-0.000000,10288.862594
4016.725001,-536.266849,222.061783,10658.965565
4016.725316,-612.876398,-74.020594,10436.903782
4016.725631,-229.828649,-296.082377,9844.739029
4016.725946,76.609550,-222.061783,9548.656652
4016.726262,689.485948,-74.020594,9918.759623
4016.726577,536.266849,-0.000000,9326.594869
4016.726892,1072.533697,-0.000000,9030.512492
4016.727207,995.924147,-0.000000,8808.450710
4016.727522,1532.190996,222.061783,9030.512492
4016.727837,1532.190996,-148.041188,9030.512492
4016.728152,1149.143247,-222.061783,9474.636058
4016.728467,995.924147,-222.061783,9252.574275
4016.728783,995.924147,-222.061783,9252.574275
4016.729098,842.705048,444.123565,9400.615463
4016.729413,536.266849,296.082377,9622.677246
4016.729728,76.609550,666.185348,9696.697840
4016.730043,-229.828649,740.205942,9474.636058
4016.730358,-536.266849,962.267725,9252.574275
4016.730673,-766.095498,814.226536,10140.821405
4016.730989,-1225.752797,888.247130,10288.862594
4016.731304,-1532.190996,592.164754,10288.862594
4016.731619,-1532.190996,444.123565,10510.924376
4016.731934,-1608.800546,296.082377,10510.924376
4016.732249,-842.705048,296.082377,10214.842000
4016.732564,-229.828649,740.205942,10066.800811
4016.732879,229.828649,814.226536,10140.821405
4016.733194,612.876398,1184.329507,9326.594869
4016.733510,536.266849,888.247130,8882.471304
4016.733825,689.485948,592.164754,9104.533087
4016.734140,842.705048,-0.000000,9252.574275
4016.734455,1225.752797,-0.000000,9178.553681
4016.734770,919.314598,-296.082377,9548.656652
4016.735085,689.485948,-814.226536,9770.718434
4016.735400,383.047749,-666.185348,9474.636058
4016.735715,383.047749,-740.205942,9696.697840
4016.736030,383.047749,-74.020594,9918.759623
4016.736346,76.609550,-0.000000,9474.636058
4016.736661,0.000000,-0.000000,9252.574275
4016.736976,153.219100,518.144159,9548.656652
4016.737291,-153.219100,518.144159,9696.697840
4016.737606,-689.485948,518.144159,9696.697840
4016.737921,-536.266849,814.226536,9918.759623
4016.738236,-766.095498,444.123565,10362.883188
4016.738551,-995.924147,-0.000000,10584.944971
4016.738866,-536.266849,148.041188,10510.924376
4016.739181,-459.657299,-0.000000,10066.800811
4016.739496,229.828649,-0.000000,10066.800811
4016.739812,1072.533697,296.082377,9918.759623
4016.740127,919.314598,148.041188,9918.759623
4016.740442,766.095498,222.061783,9844.739029
4016.740757,995.924147,222.061783,9178.553681
4016.741072,1378.971896,-0.000000,8512.368333
4016.741387,1149.143247,-148.041188,9252.574275
4016.741702,1072.533697,-148.041188,8956.491898
4016.742017,842.705048,-296.082377,9030.512492
4016.742332,536.266849,-222.061783,8956.491898
4016.742647,612.876398,-296.082377,9104.533087
4016.742962,689.485948,-148.041188,9104.533087
4016.743278,689.485948,-0.000000,8660.409521
4016.743593,-306.438199,-0.000000,9400.615463
4016.743908,-383.047749,222.061783,9252.574275
4016.744223,-766.095498,222.061783,9474.636058
4016.744538,-995.924147,-0.000000,9770.718434
4016.744853,-1072.533697,-0.000000,9992.780217
4016.745168,-1225.752797,296.082377,10288.862594
4016.745483,-1072.533697,148.041188,10288.862594
4016.745798,-459.657299,-74.020594,10362.883188
4016.746113,229.828649,-370.102971,9918.759623
4016.746429,0.000000,222.061783,9918.759623
4016.746744,229.828649,370.102971,9548.656652
4016.747059,536.266849,-0.000000,9400.615463
4016.747374,842.705048,-0.000000,9030.512492
4016.747689,1149.143247,-444.123565,9474.636058
4016.748004,1072.533697,-518.144159,9252.574275
4016.748319,919.314598,-666.185348,9178.553681
4016.748634,766.095498,-666.185348,9326.594869
4016.748949,842.705048,-518.144159,9622.677246
4016.749264,919.314598,-666.185348,9400.615463
4016.749579,612.876398,-296.082377,9622.677246
4016.749895,0.000000,148.041188,9400.615463
4016.750210,-153.219100,-0.000000,9622.677246
4016.750525,-306.438199,444.123565,9548.656652
4016.750840,-612.876398,666.185348,9622.677246
4016.751155,-689.485948,740.205942,10510.924376
4016.751470,-995.924147,814.226536,10436.903782
4016.751785,-1378.971896,814.226536,10214.842000
4016.752100,-766.095498,296.082377,10584.944971
4016.752415,-689.485948,222.061783,10732.986159
4016.752730,0.000000,370.102971,10362.883188
4016.753045,229.828649,518.144159,9918.759623
4016.753361,229.828649,666.185348,9326.594869
4016.753676,919.314598,74.020594,9104.533087
4016.753991,995.924147,666.185348,8660.409521
4016.754306,919.314598,370.102971,8956.491898
4016.754621,1225.752797,-0.000000,9178.553681
4016.754936,995.924147,-222.061783,8956.491898
4016.755251,842.705048,-444.123565,9326.594869
4016.755566,995.924147,-740.205942,9400.615463
4016.755881,689.485948,-444.123565,9474.636058
4016.756196,612.876398,-74.020594,9030.512492
4016.756512,689.485948,296.082377,9252.574275
4016.756827,612.876398,518.144159,8956.491898
4016.757142,0.000000,592.164754,9178.553681
4016.757457,-383.047749,740.205942,9474.636058
4016.757772,-383.047749,444.123565,9548.656652
4016.758087,-306.438199,518.144159,9770.718434
4016.758402,-306.438199,444.123565,10436.903782
4016.758717,-842.705048,-0.000000,10214.842000
4016.759032,-919.314598,-0.000000,10584.944971
4016.759347,-383.047749,222.061783,10066.800811
4016.759662,-76.609550,-0.000000,10140.821405
4016.759978,306.438199,148.041188,9696.697840
4016.760293,612.876398,666.185348,9474.636058
4016.760608,612.876398,444.123565,9178.553681
4016.760923,995.924147,-0.000000,9400.615463
4016.761238,1532.190996,148.041188,9252.574275
4016.761553,536.266849,-148.041188,9326.594869
4016.761868,612.876398,-296.082377,9622.677246
4016.762183,766.095498,148.041188,9622.677246
4016.762498,612.876398,222.061783,9400.615463
4016.762813,383.047749,-74.020594,8882.471304
4016.763128,229.828649,370.102971,9474.636058
4016.763444,0.000000,592.164754,9474.636058
4016.763759,-306.438199,518.144159,9622.677246
4016.764074,-612.876398,666.185348,9326.594869
4016.764389,-842.705048,518.144159,9696.697840
4016.764704,-766.095498,666.185348,10214.842000
4016.765019,-1225.752797,370.102971,10436.903782
4016.765334,-995.924147,296.082377,10881.027347
4016.765649,-995.924147,518.144159,10436.903782
4016.765964,-536.266849,518.144159,9844.739029
4016.766279,0.000000,370.102971,9992.780217
4016.766594,383.047749,222.061783,9622.677246
4016.766910,689.485948,444.123565,9326.594869
4016.767225,995.924147,148.041188,9030.512492
4016.767540,766.095498,370.102971,9178.553681
4016.767855,1072.533697,-0.000000,9326.594869
4016.768170,1072.533697,-74.020594,9252.574275
4016.768485,766.095498,-370.102971,9252.574275
4016.768800,536.266849,-888.247130,9548.656652
4016.769115,612.876398,-666.185348,9474.636058
4016.769430,689.485948,-444.123565,9548.656652
4016.769745,383.047749,-222.061783,9474.636058
4016.770061,766.095498,-0.000000,9326.594869
4016.770376,76.609550,74.020594,8882.471304
4016.770691,0.000000,370.102971,9622.677246
4016.771006,0.000000,296.082377,9918.759623
4016.771321,-612.876398,-0.000000,9622.677246
4016.771636,-995.924147,148.041188,10288.862594
4016.771951,-1149.143247,296.082377,10436.903782
4016.772266,-1149.143247,-74.020594,10732.986159
4016.772581,-689.485948,-296.082377,10288.862594
4016.772896,-229.828649,-444.123565,10288.862594
4016.773211,229.828649,-0.000000,10214.842000
4016.773527,229.828649,296.082377,9400.615463
4016.773842,153.219100,148.041188,9696.697840
4016.774157,842.705048,-0.000000,9326.594869
4016.774472,766.095498,-0.000000,9104.533087
4016.774787,1149.143247,-222.061783,8956.491898
4016.775102,1149.143247,-444.123565,8734.430116
4016.775417,1149.143247,-370.102971,9326.594869
4016.775732,766.095498,-370.102971,9104.533087
4016.776047,459.657299,-222.061783,9030.512492
4016.776362,153.219100,-148.041188,9030.512492
4016.776677,0.000000,-0.000000,9252.574275
4016.776993,-229.828649,-0.000000,9178.553681
4016.777308,-689.485948,222.061783,9252.574275
4016.777623,-766.095498,222.061783,9548.656652
4016.777938,-1149.143247,-0.000000,9326.594869
4016.778253,-1072.533697,518.144159,9844.739029
4016.778568,-1149.143247,148.041188,10362.883188
4016.778883,-1072.533697,370.102971,10362.883188
4016.779198,-229.828649,-0.000000,9918.759623
4016.779513,0.000000,444.123565,9696.697840
4016.779828,229.828649,222.061783,9474.636058
4016.780144,536.266849,444.123565,9696.697840
4016.780459,766.095498,666.185348,9548.656652
4016.780774,536.266849,222.061783,9326.594869
4016.781089,536.266849,148.041188,8660.409521
4016.781404,995.924147,-74.020594,9178.553681
4016.781719,995.924147,-444.123565,9696.697840
4016.782034,612.876398,-518.144159,9622.677246
4016.782349,153.219100,-1036.288319,9548.656652
4016.782664,306.438199,-740.205942,9770.718434
4016.782979,536.266849,-222.061783,9844.739029
4016.783294,383.047749,-0.000000,9474.636058
4016.783610,229.828649,740.205942,9178.553681
4016.783925,153.219100,814.226536,9844.739029
4016.784240,-306.438199,962.267725,9474.636058
4016.784555,153.219100,1036.288319,9474.636058
4016.784870,-689.485948,666.185348,10214.842000
4016.785185,-995.924147,296.082377,10140.821405
4016.785500,-995.924147,296.082377,10140.821405
4016.785815,-995.924147,296.082377,10658.965565
4016.786130,-612.876398,-0.000000,10584.944971
4016.786445,-306.438199,222.061783,10140.821405
4016.786760,153.219100,222.061783,9622.677246
4016.787076,842.705048,370.102971,9474.636058
4016.787391,689.485948,814.226536,9030.512492
4016.787706,1072.533697,592.164754,8808.450710
4016.788021,1685.410096,444.123565,8660.409521
4016.788336,1685.410096,296.082377,8734.430116
4016.788651,1149.143247,-74.020594,9252.574275
4016.788966,1149.143247,-148.041188,9252.574275
4016.789281,612.876398,-148.041188,9474.636058
4016.789596,612.876398,-74.020594,9326.594869
4016.789911,306.438199,-370.102971,9104.533087
4016.790226,229.828649,-0.000000,9104.533087
4016.790542,-383.047749,370.102971,9326.594869
4016.790857,-766.095498,592.164754,9474.636058
4016.791172,-459.657299,592.164754,9918.759623
4016.791487,-1302.362347,444.123565,10140.821405
4016.791802,-1072.533697,296.082377,9992.780217
4016.792117,-1072.533697,518.144159,10436.903782
4016.792432,-842.705048,296.082377,10584.944971
4016.792747,-536.266849,-0.000000,10214.842000
4016.793062,-306.438199,148.041188,9770.718434
4016.793377,76.609550,518.144159,9696.697840
4016.793693,229.828649,518.144159,9696.697840
4016.794008,383.047749,592.164754,9326.594869
4016.794323,459.657299,370.102971,9178.553681
4016.794638,459.657299,-74.020594,9622.677246
4016.794953,612.876398,-518.144159,9474.636058
4016.795268,459.657299,-444.123565,9474.636058
4016.795583,229.828649,-592.164754,9548.656652
4016.795898,229.828649,-666.185348,9400.615463
4016.796213,153.219100,-592.164754,9844.739029
4016.796528,383.047749,-0.000000,9252.574275
4016.796843,153.219100,-0.000000,9474.636058
4016.797159,0.000000,444.123565,9030.512492
4016.797474,-383.047749,740.205942,9178.553681
4016.797789,-766.095498,888.247130,9548.656652
4016.798104,-766.095498,740.205942,9622.677246
4016.798419,-995.924147,444.123565,9844.739029
4016.798734,-995.924147,222.061783,10214.842000
4016.799049,-1072.533697,296.082377,10658.965565
4016.799364,-766.095498,-0.000000,10584.944971
4016.799679,-766.095498,296.082377,10288.862594
4016.799994,0.000000,-0.000000,10362.883188
4016.800309,383.047749,222.061783,9252.574275
4016.800625,919.314598,518.144159,9400.615463
4016.800940,842.705048,370.102971,9104.533087
4016.801255,1302.362347,-0.000000,8956.491898
4016.801570,1685.410096,74.020594,9326.594869
4016.801885,1455.581446,-74.020594,9104.533087
4016.802200,1685.410096,-518.144159,9030.512492
4016.802515,1072.533697,-296.082377,9400.615463
4016.802830,995.924147,-592.164754,9104.533087
4016.803145,995.924147,-296.082377,9326.594869
4016.803460,766.095498,-0.000000,9326.594869
4016.803776,612.876398,444.123565,9326.594869
4016.804091,0.000000,-74.020594,9400.615463
4016.804406,-306.438199,-0.000000,9548.656652
4016.804721,-689.485948,222.061783,9992.780217
4016.805036,-842.705048,444.123565,10362.883188
4016.805351,-842.705048,296.082377,10214.842000
4016.805666,-995.924147,518.144159,10214.842000
4016.805981,-536.266849,296.082377,10584.944971
4016.806296,-383.047749,370.102971,10214.842000
4016.806611,459.657299,-0.000000,9844.739029
4016.806926,306.438199,370.102971,9622.677246
4016.807242,536.266849,666.185348,9474.636058
4016.807557,689.485948,148.041188,9104.533087
4016.807872,612.876398,-0.000000,9252.574275
4016.808187,229.828649,-0.000000,8882.471304
4016.808502,689.485948,-370.102971,9178.553681
4016.808817,766.095498,-296.082377,9030.512492
4016.809132,306.438199,-518.144159,9474.636058
4016.809447,459.657299,-222.061783,9252.574275
4016.809762,459.657299,-222.061783,9400.615463
4016.810077,536.266849,-0.000000,9326.594869
4016.810392,536.266849,518.144159,9252.574275
4016.810708,0.000000,666.185348,9030.512492
4016.811023,-229.828649,296.082377,9030.512492
4016.811338,-459.657299,1036.288319,9400.615463
4016.811653,-842.705048,740.205942,9622.677246
4016.811968,-842.705048,740.205942,10066.800811
4016.812283,-689.485948,370.102971,10510.924376
4016.812598,-536.266849,518.144159,10436.903782
4016.812913,-766.095498,-0.000000,10066.800811
4016.813228,-306.438199,296.082377,10066.800811
4016.813543,-153.219100,222.061783,10436.903782
4016.813858,229.828649,370.102971,9770.718434
4016.814174,842.705048,370.102971,9548.656652
4016.814489,612.876398,296.082377,9326.594869
4016.814804,766.095498,-0.000000,9030.512492
4016.815119,1225.752797,-0.000000,9252.574275
4016.815434,1072.533697,-0.000000,9400.615463
4016.815749,995.924147,-814.226536,9622.677246
4016.816064,536.266849,-222.061783,9622.677246
4016.816379,689.485948,-296.082377,9548.656652
4016.816694,689.485948,-0.000000,9622.677246
4016.817009,306.438199,-74.020594,9548.656652
4016.817325,0.000000,-0.000000,9326.594869
4016.817640,-306.438199,222.061783,9622.677246
4016.817955,-459.657299,518.144159,9548.656652
4016.818270,-612.876398,296.082377,9770.718434
4016.818585,-689.485948,222.061783,9918.759623
4016.818900,-919.314598,222.061783,10955.047942
4016.819215,-995.924147,444.123565,9918.759623
4016.819530,-383.047749,444.123565,10214.842000
4016.819845,-153.219100,518.144159,9992.780217
4016.820160,76.609550,370.102971,9918.759623
4016.820475,306.438199,-0.000000,9400.615463
4016.820791,766.095498,666.185348,9178.553681
4016.821106,1149.143247,518.144159,8882.471304
4016.821421,1072.533697,-0.000000,8586.388927
4016.821736,1225.752797,-148.041188,8882.471304
4016.822051,1455.581446,-444.123565,9030.512492
4016.822366,1378.971896,-666.185348,8734.430116
4016.822681,919.314598,-592.164754,9326.594869
4016.822996,919.314598,-444.123565,9474.636058
4016.823311,612.876398,-444.123565,9474.636058
4016.823626,536.266849,-222.061783,9104.533087
4016.823941,229.828649,-0.000000,8808.450710
4016.824257,76.609550,296.082377,9474.636058
4016.824572,-459.657299,444.123565,9622.677246
4016.824887,-153.219100,666.185348,9548.656652
4016.825202,-766.095498,444.123565,9548.656652
4016.825517,-842.705048,222.061783,10066.800811
4016.825832,-1149.143247,-0.000000,10732.986159
4016.826147,-1378.971896,-0.000000,10510.924376
4016.826462,-919.314598,-0.000000,10732.986159
4016.826777,-842.705048,222.061783,10288.862594
4016.827092,0.000000,-0.000000,10066.800811
4016.827408,229.828649,592.164754,10066.800811
4016.827723,76.609550,666.185348,9474.636058
4016.828038,383.047749,444.123565,9252.574275
4016.828353,689.485948,-0.000000,9104.533087
4016.828668,842.705048,148.041188,8956.491898
4016.828983,919.314598,-0.000000,8956.491898
4016.829298,689.485948,-148.041188,9178.553681
4016.829613,459.657299,-74.020594,9400.615463
4016.829928,153.219100,-0.000000,9326.594869
4016.830243,0.000000,-74.020594,9474.636058
4016.830558,76.609550,-0.000000,8882.471304
4016.830874,-229.828649,370.102971,8882.471304
4016.831189,-306.438199,518.144159,9474.636058
4016.831504,-766.095498,370.102971,9548.656652
4016.831819,-1072.533697,518.144159,10214.842000
4016.832134,-1072.533697,666.185348,10214.842000
4016.832449,-995.924147,666.185348,10066.800811
4016.832764,-1072.533697,518.144159,10288.862594
4016.833079,-689.485948,592.164754,10066.800811
4016.833394,-229.828649,666.185348,9992.780217
4016.833709,153.219100,592.164754,9918.759623
4016.834024,612.876398,740.205942,9622.677246
4016.834340,689.485948,740.205942,9178.553681
4016.834655,995.924147,666.185348,8882.471304
4016.834970,1149.143247,518.144159,8882.471304
4016.835285,1455.581446,-148.041188,9622.677246
4016.835600,995.924147,-0.000000,9474.636058
4016.835915,689.485948,-444.123565,9548.656652
4016.836230,766.095498,-814.226536,9844.739029
4016.836545,842.705048,-148.041188,9622.677246
4016.836860,1072.533697,-74.020594,9548.656652
4016.837175,689.485948,-0.000000,9474.636058
4016.837490,383.047749,370.102971,9326.594869
4016.837805,0.000000,888.247130,9474.636058
4016.838121,76.609550,1184.329507,9474.636058
4016.838436,-383.047749,592.164754,9622.677246
4016.838751,-536.266849,370.102971,10066.800811
4016.839066,-689.485948,370.102971,10362.883188
4016.839381,-919.314598,-518.144159,10288.862594
4016.839696,-612.876398,-0.000000,10658.965565
4016.840011,-536.266849,-148.041188,10214.842000
4016.840326,-153.219100,-148.041188,9992.780217
4016.840641,766.095498,148.041188,9770.718434
4016.840956,995.924147,-0.000000,9696.697840
4016.841271,842.705048,444.123565,9104.533087
4016.841586,995.924147,222.061783,9030.512492
4016.841901,1149.143247,148.041188,8882.471304
4016.842217,1532.190996,-0.000000,9030.512492
4016.842532,1149.143247,-666.185348,9030.512492
4016.842847,995.924147,-740.205942,9474.636058
4016.843162,536.266849,-592.164754,9252.574275
4016.843477,383.047749,-370.102971,9104.533087
4016.843792,153.219100,-296.082377,9326.594869
4016.844107,0.000000,-74.020594,9400.615463
4016.844422,0.000000,370.102971,9178.553681
4016.844737,-229.828649,370.102971,9474.636058
4016.845052,-842.705048,222.061783,9548.656652
4016.845367,-766.095498,296.082377,10066.800811
4016.845682,-842.705048,296.082377,9696.697840
4016.845997,-842.705048,296.082377,10214.842000
4016.846312,-689.485948,296.082377,10807.006753
4016.846628,-459.657299,-0.000000,9992.780217
4016.846943,0.000000,-222.061783,9770.718434
4016.847258,76.609550,-0.000000,9696.697840
4016.847573,0.000000,222.061783,9696.697840
4016.847888,536.266849,444.123565,9400.615463
4016.848203,536.266849,-0.000000,9178.553681
4016.848518,766.095498,-518.144159,9030.512492
4016.848833,919.314598,-518.144159,9178.553681
4016.849148,766.095498,-592.164754,9622.677246
4016.849463,383.047749,-740.205942,9622.677246
4016.849778,459.657299,-518.144159,9548.656652
4016.850093,383.047749,-296.082377,9474.636058
4016.850408,536.266849,-222.061783,9400.615463
4016.850724,689.485948,296.082377,9622.677246
4016.851039,306.438199,370.102971,8660.409521
4016.851354,-229.828649,444.123565,8956.491898
4016.851669,-306.438199,592.164754,9844.739029
4016.851984,-919.314598,296.082377,9548.656652
4016.852299,-1072.533697,148.041188,10140.821405
4016.852614,-1149.143247,-148.041188,10436.903782
4016.852929,-1378.971896,-74.020594,10436.903782
4016.853244,-229.828649,-0.000000,10362.883188
4016.853559,-306.438199,-0.000000,10066.800811
4016.853874,0.000000,-0.000000,10214.842000
4016.854189,612.876398,296.082377,9622.677246
4016.854504,766.095498,888.247130,9104.533087
4016.854820,995.924147,666.185348,9400.615463
4016.855135,995.924147,740.205942,8660.409521
4016.855450,1685.410096,444.123565,8882.471304
4016.855765,1455.581446,148.041188,8808.450710
4016.856080,1149.143247,148.041188,9474.636058
4016.856395,1072.533697,-370.102971,9178.553681
4016.856710,689.485948,-222.061783,9178.553681
4016.857025,306.438199,-222.061783,9474.636058
4016.857340,153.219100,148.041188,9770.718434
4016.857655,0.000000,370.102971,9474.636058
4016.857970,-306.438199,370.102971,9474.636058
4016.858285,-229.828649,518.144159,9696.697840
4016.858600,-766.095498,444.123565,9844.739029
4016.858915,-689.485948,666.185348,10140.821405
4016.859231,-766.095498,740.205942,10584.944971
4016.859546,-689.485948,592.164754,10140.821405
4016.859861,-306.438199,888.247130,10288.862594
4016.860176,-459.657299,740.205942,10436.903782
4016.860491,-76.609550,592.164754,10066.800811
4016.860806,-229.828649,296.082377,9622.677246
4016.861121,229.828649,370.102971,9548.656652
4016.861436,459.657299,296.082377,9918.759623
4016.861751,306.438199,-0.000000,9326.594869
4016.862066,689.485948,-0.000000,9326.594869
4016.862381,766.095498,-444.123565,9622.677246
4016.862696,383.047749,-74.020594,9770.718434
4016.863011,766.095498,-296.082377,9474.636058
4016.863327,459.657299,-296.082377,9474.636058
4016.863642,766.095498,-0.000000,9548.656652
4016.863957,459.657299,370.102971,9326.594869
4016.864272,459.657299,592.164754,8808.450710
4016.864587,76.609550,592.164754,9474.636058
4016.864902,-229.828649,666.185348,9474.636058
4016.865217,-536.266849,740.205942,9326.594869
4016.865532,-612.876398,222.061783,9770.718434
4016.865847,-995.924147,296.082377,10436.903782
4016.866162,-1455.581446,370.102971,10510.924376
4016.866477,-1455.581446,-0.000000,10732.986159
4016.866792,-919.314598,-0.000000,10658.965565
4016.867107,-459.657299,-0.000000,9696.697840
4016.867423,153.219100,444.123565,9548.656652
4016.867738,459.657299,444.123565,9696.697840
4016.868053,689.485948,592.164754,9474.636058
4016.868368,612.876398,740.205942,9030.512492
4016.868683,1149.143247,370.102971,8808.450710
4016.868998,1455.581446,-0.000000,9030.512492
4016.869313,1302.362347,-0.000000,9104.533087
4016.869628,919.314598,-74.020594,9696.697840
4016.869943,766.095498,-518.144159,9474.636058
4016.870258,842.705048,-296.082377,9474.636058
4016.870573,536.266849,-444.123565,9400.615463
4016.870888,0.000000,-296.082377,9474.636058
4016.871203,0.000000,-0.000000,9548.656652
4016.871518,-459.657299,-0.000000,9474.636058
4016.871834,-383.047749,-0.000000,9474.636058
4016.872149,-383.047749,-0.000000,9918.759623
4016.872464,-842.705048,518.144159,10066.800811
4016.872779,-919.314598,370.102971,9622.677246
4016.873094,-459.657299,-0.000000,9770.718434
4016.873409,-766.095498,222.061783,10214.842000
4016.873724,-383.047749,-0.000000,10214.842000
4016.874039,0.000000,-222.061783,9844.739029
4016.874354,229.828649,-0.000000,9696.697840
4016.874669,536.266849,-0.000000,9326.594869
4016.874984,536.266849,222.061783,8956.491898
4016.875299,536.266849,-74.020594,9474.636058
4016.875614,842.705048,-222.061783,9474.636058
4016.875930,1149.143247,-74.020594,9030.512492
4016.876245,995.924147,-444.123565,8808.450710
4016.876560,1072.533697,-592.164754,9104.533087
4016.876875,1149.143247,-0.000000,9474.636058
4016.877190,919.314598,-296.082377,9030.512492
4016.877505,459.657299,-0.000000,9400.615463
4016.877820,306.438199,296.082377,9104.533087
4016.878135,0.000000,518.144159,9030.512492
4016.878450,-229.828649,444.123565,9474.636058
4016.878765,-766.095498,518.144159,9548.656652
4016.879080,-1149.143247,148.041188,10066.800811
4016.879395,-1532.190996,518.144159,10288.862594
4016.879710,-1302.362347,296.082377,10658.965565
4016.880026,-1225.752797,518.144159,10658.965565
4016.880341,0.000000,518.144159,10732.986159
4016.880656,-153.219100,518.144159,9770.718434
4016.880971,306.438199,518.144159,9696.697840
4016.881286,612.876398,740.205942,9474.636058
4016.881601,766.095498,740.205942,9252.574275
4016.881916,1302.362347,888.247130,9178.553681
4016.882231,842.705048,-0.000000,8882.471304
4016.882546,995.924147,-148.041188,9030.512492
4016.882861,995.924147,-370.102971,9252.574275
4016.883176,612.876398,-518.144159,9474.636058
4016.883491,612.876398,-592.164754,9696.697840
4016.883806,229.828649,-444.123565,9548.656652
4016.884121,153.219100,-370.102971,9474.636058
4016.884437,0.000000,-222.061783,9474.636058
4016.884752,0.000000,-0.000000,9474.636058
4016.885067,0.000000,444.123565,9622.677246
4016.885382,-229.828649,518.144159,9474.636058
4016.885697,-612.876398,518.144159,9844.739029
4016.886012,-306.438199,518.144159,10140.821405
4016.886327,-766.095498,370.102971,10288.862594
4016.886642,-689.485948,-0.000000,10510.924376
4016.886957,-459.657299,-74.020594,10140.821405
4016.887272,-306.438199,-0.000000,10362.883188
4016.887587,76.609550,-0.000000,9918.759623
4016.887902,459.657299,-0.000000,9918.759623
4016.888217,536.266849,296.082377,9474.636058
4016.888533,229.828649,-74.020594,9104.533087
4016.888848,689.485948,-0.000000,9400.615463
4016.889163,1072.533697,-222.061783,9030.512492
4016.889478,1149.143247,-222.061783,9252.574275
4016.889793,1532.190996,-1110.308913,8956.491898
4016.890108,766.095498,-296.082377,9178.553681
4016.890423,919.314598,-296.082377,9252.574275
4016.890738,612.876398,74.020594,9030.512492
4016.891053,689.485948,-0.000000,9474.636058
4016.891368,0.000000,296.082377,8586.388927
4016.891683,-153.219100,444.123565,8808.450710
4016.891998,-919.314598,592.164754,9474.636058
4016.892313,-1225.752797,296.082377,9474.636058
4016.892628,-1455.581446,296.082377,10140.821405
4016.892944,-1532.190996,-0.000000,10288.862594
4016.893259,-1762.019645,-0.000000,10732.986159
4016.893574,-1302.362347,-148.041188,9992.780217
4016.893889,-689.485948,-0.000000,10066.800811
4016.894204,306.438199,296.082377,10214.842000
4016.894519,229.828649,-0.000000,9770.718434
4016.894834,306.438199,814.226536,8956.491898
4016.895149,536.266849,666.185348,8660.409521
4016.895464,919.314598,296.082377,8512.368333
4016.895779,1149.143247,-0.000000,8808.450710
4016.896094,1072.533697,-0.000000,8734.430116
4016.896409,612.876398,-222.061783,9474.636058
4016.896724,306.438199,-222.061783,9474.636058
4016.897040,0.000000,-666.185348,9622.677246
4016.897355,0.000000,-74.020594,9770.718434
4016.897670,-306.438199,370.102971,9474.636058
4016.897985,-153.219100,370.102971,9474.636058
4016.898300,-306.438199,444.123565,9844.739029
4016.898615,-229.828649,592.164754,9918.759623
4016.898930,-383.047749,888.247130,9770.718434
4016.899245,-383.047749,962.267725,9622.677246
4016.899560,-536.266849,1036.288319,10362.883188
4016.899875,-612.876398,888.247130,10510.924376
4016.900190,-612.876398,518.144159,10658.965565
4016.900505,-229.828649,592.164754,10362.883188
4016.900820,0.000000,296.082377,9548.656652
4016.901136,383.047749,592.164754,9992.780217
4016.901451,612.876398,296.082377,9770.718434
4016.901766,383.047749,296.082377,9918.759623
4016.902081,306.438199,296.082377,9474.636058
4016.902396,842.705048,-0.000000,9178.553681
4016.902711,919.314598,-148.041188,9474.636058
4016.903026,766.095498,-0.000000,9474.636058
4016.903341,842.705048,-370.102971,9548.656652
4016.903656,612.876398,-370.102971,9548.656652
4016.903971,1072.533697,-370.102971,9400.615463
4016.904286,842.705048,-0.000000,9030.512492
4016.904601,995.924147,444.123565,8956.491898
4016.904916,383.047749,666.185348,9326.594869
4016.905231,-306.438199,-0.000000,9252.574275
4016.905547,-536.266849,518.144159,9326.594869
4016.905862,-612.876398,370.102971,9770.718434
4016.906177,-919.314598,-0.000000,9844.739029
4016.906492,-1072.533697,-148.041188,10288.862594
4016.906807,-1378.971896,-74.020594,10362.883188
4016.907122,-612.876398,-296.082377,10510.924376
4016.907437,-766.095498,-370.102971,9696.697840
4016.907752,76.609550,-74.020594,9622.677246
4016.908067,229.828649,-0.000000,9622.677246
4016.908382,153.219100,444.123565,9326.594869
4016.908697,919.314598,370.102971,8882.471304
4016.909012,1378.971896,-0.000000,8808.450710
4016.909327,1378.971896,-74.020594,9030.512492
4016.909643,1225.752797,-148.041188,8956.491898
4016.909958,919.314598,-518.144159,9178.553681
4016.910273,1225.752797,-666.185348,9178.553681
4016.910588,459.657299,-444.123565,9474.636058
4016.910903,383.047749,-592.164754,9696.697840
4016.911218,-153.219100,-518.144159,9696.697840
4016.911533,-229.828649,-148.041188,9474.636058
4016.911848,-536.266849,-0.000000,9548.656652
4016.912163,-459.657299,444.123565,9770.718434
4016.912478,-919.314598,222.061783,10066.800811
4016.912793,-842.705048,296.082377,10066.800811
4016.913108,-459.657299,888.247130,10066.800811
4016.913423,-995.924147,518.144159,9918.759623
4016.913739,-1072.533697,296.082377,10362.883188
4016.914054,-536.266849,296.082377,10066.800811
4016.914369,-459.657299,370.102971,9844.739029
4016.914684,306.438199,296.082377,9918.759623
4016.914999,459.657299,444.123565,9400.615463
4016.915314,459.657299,444.123565,9326.594869
4016.915629,229.828649,-0.000000,9474.636058
4016.915944,536.266849,-148.041188,9474.636058
4016.916259,766.095498,-444.123565,9696.697840
4016.916574,995.924147,-148.041188,9474.636058
4016.916889,842.705048,-518.144159,9474.636058
4016.917204,995.924147,-370.102971,9474.636058
4016.917519,919.314598,-222.061783,9252.574275
4016.917834,919.314598,222.061783,9104.533087
4016.918150,612.876398,444.123565,9030.512492
4016.918465,153.219100,518.144159,9030.512492
4016.918780,0.000000,444.123565,9104.533087
4016.919095,-536.266849,666.185348,9326.594869
4016.919410,-1072.533697,-0.000000,10140.821405
4016.919725,-1149.143247,370.102971,10214.842000
4016.920040,-1302.362347,-0.000000,10510.924376
4016.920355,-1225.752797,-0.000000,10584.944971
4016.920670,-1149.143247,-74.020594,10584.944971
4016.920985,0.000000,370.102971,10214.842000
4016.921300,306.438199,-0.000000,9844.739029
4016.921615,995.924147,518.144159,9844.739029
4016.921930,842.705048,740.205942,9104.533087
4016.922246,919.314598,592.164754,8660.409521
4016.922561,1455.581446,518.144159,8956.491898
4016.922876,995.924147,370.102971,9252.574275
4016.923191,1455.581446,-0.000000,9030.512492
4016.923506,842.705048,-444.123565,9400.615463
4016.923821,459.657299,-592.164754,9770.718434
4016.924136,536.266849,-666.185348,9696.697840
4016.924451,306.438199,-296.082377,9548.656652
4016.924766,0.000000,-296.082377,9474.636058
4016.925081,-766.095498,296.082377,9326.594869
4016.925396,-459.657299,518.144159,9400.615463
4016.925711,-459.657299,740.205942,9326.594869
4016.926026,-536.266849,666.185348,9844.739029
4016.926342,-766.095498,666.185348,9918.759623
4016.926657,-766.095498,518.144159,9992.780217
4016.926972,-919.314598,518.144159,10140.821405
4016.927287,-536.266849,370.102971,10362.883188
4016.927602,-229.828649,296.082377,9918.759623
4016.927917,0.000000,296.082377,9770.718434
4016.928232,153.219100,296.082377,9474.636058
4016.928547,76.609550,518.144159,9474.636058
4016.928862,229.828649,370.102971,9178.553681
4016.929177,76.609550,-0.000000,9104.533087
4016.929492,536.266849,-444.123565,9252.574275
4016.929807,612.876398,-592.164754,9400.615463
4016.930122,383.047749,-370.102971,9474.636058
4016.930437,459.657299,-222.061783,9844.739029
4016.930753,612.876398,74.020594,9474.636058
4016.931068,536.266849,222.061783,9326.594869
4016.931383,612.876398,370.102971,9400.615463
4016.931698,153.219100,740.205942,9030.512492
4016.932013,0.000000,592.164754,9104.533087
4016.932328,-459.657299,740.205942,9770.718434
4016.932643,-919.314598,518.144159,9696.697840
4016.932958,-1149.143247,-0.000000,10510.924376
4016.933273,-1608.800546,370.102971,10510.924376
4016.933588,-1455.581446,222.061783,10807.006753
4016.933903,-1455.581446,-0.000000,10436.903782
4016.934218,-612.876398,-0.000000,9992.780217
4016.934533,-383.047749,222.061783,10214.842000
4016.934849,306.438199,592.164754,9696.697840
4016.935164,459.657299,592.164754,9326.594869
4016.935479,689.485948,296.082377,9104.533087
4016.935794,1685.410096,222.061783,9178.553681
4016.936109,1302.362347,666.185348,9104.533087
4016.936424,1225.752797,-0.000000,9030.512492
4016.936739,1225.752797,-370.102971,9178.553681
4016.937054,995.924147,-666.185348,9474.636058
4016.937369,229.828649,-592.164754,9474.636058
4016.937684,229.828649,-740.205942,9548.656652
4016.938000,153.219100,-296.082377,9548.656652
4016.938315,536.266849,-148.041188,9474.636058
4016.938630,383.047749,-0.000000,9400.615463
4016.938945,0.000000,-0.000000,9252.574275
4016.939260,-229.828649,666.185348,9252.574275
4016.939575,-459.657299,296.082377,9548.656652
4016.939890,-229.828649,666.185348,10140.821405
4016.940206,0.000000,-0.000000,9992.780217
4016.940521,-306.438199,-148.041188,9696.697840
4016.940836,-76.609550,-296.082377,9474.636058
4016.941151,0.000000,-0.000000,10214.842000
4016.941466,229.828649,-74.020594,9696.697840
4016.941781,689.485948,-0.000000,9474.636058
4016.942096,766.095498,222.061783,9548.656652
4016.942412,766.095498,222.061783,9178.553681
4016.942727,919.314598,-0.000000,8956.491898
4016.943042,1378.971896,-296.082377,9326.594869
4016.943357,919.314598,-370.102971,9474.636058
4016.943672,842.705048,-296.082377,9548.656652
4016.943987,766.095498,-444.123565,9178.553681
4016.944302,919.314598,-74.020594,9400.615463
4016.944617,1149.143247,-0.000000,9178.553681
4016.944933,229.828649,296.082377,8956.491898
4016.945248,0.000000,370.102971,9326.594869
4016.945563,-536.266849,518.144159,9474.636058
4016.945878,-689.485948,518.144159,9474.636058
4016.946193,-995.924147,-0.000000,9770.718434
4016.946508,-1225.752797,-0.000000,10066.800811
4016.946823,-1455.581446,-0.000000,10288.862594
4016.947139,-1378.971896,222.061783,10362.883188
4016.947454,-1072.533697,-222.061783,10436.903782
4016.947769,-995.924147,-0.000000,10066.800811
4016.948084,0.000000,592.164754,9548.656652
4016.948399,0.000000,370.102971,9622.677246
4016.948714,306.438199,962.267725,9400.615463
4016.949029,536.266849,814.226536,9030.512492
4016.949345,536.266849,666.185348,8808.450710
4016.949660,1225.752797,222.061783,8882.471304
4016.949975,919.314598,-0.000000,9104.533087
4016.950290,766.095498,-74.020594,9474.636058
4016.950605,459.657299,-592.164754,9696.697840
4016.950920,766.095498,-666.185348,10066.800811
4016.951235,76.609550,-666.185348,9622.677246
4016.951551,76.609550,-148.041188,9474.636058
4016.951866,76.609550,444.123565,9548.656652
4016.952181,76.609550,666.185348,9622.677246
4016.952496,0.000000,518.144159,9104.533087
4016.952811,0.000000,444.123565,9548.656652
4016.953126,-383.047749,814.226536,9770.718434
4016.953441,-536.266849,666.185348,10140.821405
4016.953756,-689.485948,740.205942,10510.924376
4016.954072,-612.876398,-0.000000,10436.903782
4016.954387,-76.609550,-0.000000,10140.821405
4016.954702,-383.047749,148.041188,9918.759623
4016.955017,229.828649,370.102971,10066.800811
4016.955332,842.705048,148.041188,9844.739029
4016.955647,689.485948,148.041188,9548.656652
4016.955962,689.485948,296.082377,9104.533087
4016.956278,766.095498,-0.000000,9104.533087
4016.956593,766.095498,-296.082377,9400.615463
4016.956908,995.924147,-296.082377,9178.553681
4016.957223,919.314598,-666.185348,9474.636058
4016.957538,689.485948,-592.164754,8808.450710
4016.957853,766.095498,-148.041188,9400.615463
4016.958168,536.266849,-0.000000,9030.512492
4016.958484,306.438199,-148.041188,9252.574275
4016.958799,0.000000,222.061783,8882.471304
4016.959114,-459.657299,-0.000000,9252.574275
4016.959429,-766.095498,592.164754,9178.553681
4016.959744,-842.705048,148.041188,9474.636058
4016.960059,-995.924147,296.082377,9844.739029
4016.960374,-995.924147,-0.000000,10066.800811
4016.960689,-612.876398,-0.000000,10214.842000
4016.961005,-995.924147,-0.000000,10288.862594
4016.961320,-459.657299,148.041188,9622.677246
4016.961635,76.609550,-0.000000,10066.800811
4016.961950,459.657299,296.082377,9474.636058
4016.962265,229.828649,444.123565,9030.512492
4016.962580,842.705048,444.123565,9104.533087
4016.962895,1225.752797,-0.000000,9326.594869
4016.963211,995.924147,-74.020594,9326.594869
4016.963526,842.705048,-148.041188,9104.533087
4016.963841,995.924147,-0.000000,9030.512492
4016.964156,1072.533697,-0.000000,9696.697840
4016.964471,459.657299,-370.102971,9622.677246
4016.964786,229.828649,-0.000000,9474.636058
4016.965101,153.219100,-0.000000,9770.718434
4016.965417,0.000000,592.164754,9474.636058
4016.965732,-689.485948,370.102971,9400.615463
4016.966047,-766.095498,888.247130,9918.759623
4016.966362,-842.705048,740.205942,10362.883188
4016.966677,-995.924147,666.185348,9770.718434
4016.966992,-995.924147,740.205942,10658.965565
4016.967307,-995.924147,592.164754,10658.965565
4016.967623,-995.924147,518.144159,10510.924376
4016.967938,-919.314598,444.123565,10510.924376
4016.968253,-76.609550,-0.000000,10140.821405
4016.968568,0.000000,148.041188,9918.759623
4016.968883,306.438199,222.061783,9474.636058
4016.969198,536.266849,370.102971,9474.636058
4016.969513,459.657299,222.061783,9252.574275
4016.969828,612.876398,-0.000000,9252.574275
4016.970144,1378.971896,-0.000000,9252.574275
4016.970459,1302.362347,-0.000000,9474.636058
4016.970774,919.314598,-296.082377,9400.615463
4016.971089,919.314598,-74.020594,9252.574275
4016.971404,689.485948,-74.020594,9474.636058
4016.971719,766.095498,-0.000000,9474.636058
4016.972034,459.657299,518.144159,8956.491898
4016.972350,153.219100,370.102971,8808.450710
4016.972665,0.000000,296.082377,9474.636058
4016.972980,-612.876398,148.041188,9474.636058
4016.973295,-919.314598,222.061783,9770.718434
4016.973610,-919.314598,370.102971,10362.883188
4016.973925,-995.924147,-0.000000,10658.965565
4016.974240,-1072.533697,-0.000000,10362.883188
4016.974556,-766.095498,-0.000000,10066.800811
4016.974871,0.000000,-0.000000,10066.800811
4016.975186,306.438199,296.082377,9918.759623
4016.975501,689.485948,370.102971,9252.574275
4016.975816,1685.410096,592.164754,8956.491898
4016.976131,1532.190996,592.164754,8808.450710
4016.976446,1225.752797,296.082377,9178.553681
4016.976762,1072.533697,74.020594,9104.533087
4016.977077,995.924147,-296.082377,9326.594869
4016.977392,766.095498,-592.164754,9400.615463
4016.977707,383.047749,-666.185348,9474.636058
4016.978022,383.047749,-814.226536,9696.697840
4016.978337,229.828649,-148.041188,9622.677246
4016.978652,0.000000,-0.000000,9696.697840
4016.978967,-153.219100,222.061783,9326.594869
4016.979283,0.000000,814.226536,9474.636058
4016.979598,-383.047749,888.247130,9252.574275
4016.979913,-536.266849,740.205942,9474.636058
4016.980228,-842.705048,740.205942,10140.821405
4016.980543,-1149.143247,370.102971,10066.800811
4016.980858,-995.924147,370.102971,9992.780217
4016.981173,-612.876398,296.082377,10436.903782
4016.981489,-383.047749,-0.000000,10288.862594
4016.981804,-153.219100,148.041188,9918.759623
4016.982119,153.219100,296.082377,10140.821405
4016.982434,383.047749,-0.000000,9844.739029
4016.982749,536.266849,222.061783,9326.594869
4016.983064,459.657299,-0.000000,8808.450710
4016.983379,536.266849,-0.000000,9326.594869
4016.983695,1149.143247,-666.185348,8956.491898
4016.984010,919.314598,-222.061783,9400.615463
4016.984325,842.705048,-148.041188,9474.636058
4016.984640,995.924147,-148.041188,9622.677246
4016.984955,919.314598,-0.000000,9326.594869
4016.985270,383.047749,296.082377,9030.512492
4016.985585,229.828649,222.061783,9400.615463
4016.985900,0.000000,444.123565,9844.739029
4016.986216,-536.266849,370.102971,9770.718434
4016.986531,-766.095498,296.082377,9844.739029
4016.986846,-995.924147,296.082377,10288.862594
4016.987161,-1149.143247,296.082377,10584.944971
4016.987476,-995.924147,-0.000000,10658.965565
4016.987791,-1302.362347,-0.000000,10584.944971
4016.988106,-459.657299,-0.000000,10584.944971
4016.988422,0.000000,-0.000000,9992.780217
4016.988737,612.876398,370.102971,9400.615463
4016.989052,536.266849,592.164754,9622.677246
4016.989367,919.314598,518.144159,9326.594869
4016.989682,1149.143247,296.082377,8660.409521
4016.989997,1302.362347,222.061783,8734.430116
4016.990312,1378.971896,-74.020594,8290.306550
4016.990628,1225.752797,-370.102971,9178.553681
4016.990943,766.095498,-518.144159,9474.636058
4016.991258,612.876398,-962.267725,9400.615463
4016.991573,536.266849,-592.164754,9474.636058
4016.991888,459.657299,-296.082377,9326.594869
4016.992203,153.219100,-0.000000,9326.594869
4016.992518,0.000000,222.061783,9400.615463
4016.992834,-153.219100,296.082377,9030.512492
4016.993149,-459.657299,444.123565,9400.615463
4016.993464,-536.266849,666.185348,9696.697840
4016.993779,-536.266849,814.226536,9474.636058
4016.994094,-689.485948,518.144159,9992.780217
4016.994409,-766.095498,518.144159,10140.821405
4016.994724,-536.266849,-0.000000,10140.821405
4016.995039,-306.438199,222.061783,9918.759623
4016.995355,0.000000,-0.000000,10214.842000
4016.995670,153.219100,444.123565,9770.718434
4016.995985,383.047749,592.164754,9548.656652
4016.996300,689.485948,296.082377,9548.656652
4016.996615,766.095498,-0.000000,9104.533087
4016.996930,842.705048,-148.041188,9548.656652
4016.997245,995.924147,-296.082377,9474.636058
4016.997561,689.485948,148.041188,9474.636058
4016.997876,536.266849,370.102971,9178.553681
4016.998191,766.095498,-0.000000,9474.636058
4016.998506,766.095498,-0.000000,9252.574275
4016.998821,76.609550,444.123565,9326.594869
4016.999136,-766.095498,518.144159,9178.553681
4016.999451,-689.485948,740.205942,9400.615463
4016.999767,-689.485948,666.185348,9696.697840
4017.000082,-1225.752797,518.144159,10066.800811
4017.000397,-1838.629195,370.102971,10288.862594
4017.000712,-1915.238745,444.123565,10807.006753
4017.001027,-1762.019645,592.164754,10732.986159
4017.001342,-1455.581446,370.102971,10732.986159
4017.001657,-919.314598,148.041188,10214.842000
4017.001973,-383.047749,370.102971,9622.677246
4017.002288,76.609550,814.226536,9770.718434
4017.002603,766.095498,962.267725,9104.533087
4017.002918,919.314598,518.144159,9030.512492
4017.003233,842.705048,444.123565,8956.491898
4017.003548,1225.752797,-0.000000,8882.471304
4017.003863,689.485948,-0.000000,8882.471304
4017.004178,766.095498,-592.164754,9326.594869
4017.004494,612.876398,-814.226536,9622.677246
4017.004809,459.657299,-888.247130,9474.636058
4017.005124,536.266849,-888.247130,9474.636058
4017.005439,612.876398,-592.164754,9252.574275
4017.005754,229.828649,-0.000000,9474.636058
4017.006069,229.828649,296.082377,9178.553681
4017.006384,76.609550,962.267725,9474.636058
4017.006700,0.000000,888.247130,9326.594869
4017.007015,0.000000,592.164754,9474.636058
4017.007330,0.000000,518.144159,9844.739029
4017.007645,-459.657299,370.102971,10436.903782
4017.007960,0.000000,222.061783,10584.944971
4017.008275,-306.438199,-0.000000,10510.924376
4017.008590,-229.828649,-148.041188,10066.800811
4017.008906,229.828649,-148.041188,9770.718434
4017.009221,306.438199,-0.000000,9474.636058
4017.009536,459.657299,-148.041188,9474.636058
4017.009851,842.705048,-0.000000,8882.471304
4017.010166,1225.752797,-0.000000,8882.471304
4017.010481,1225.752797,-74.020594,9252.574275
4017.010796,1378.971896,-222.061783,8808.450710
4017.011112,1608.800546,-518.144159,9252.574275
4017.011427,919.314598,-222.061783,9104.533087
4017.011742,612.876398,-296.082377,9474.636058
4017.012057,536.266849,-148.041188,9696.697840
4017.012372,153.219100,148.041188,9252.574275
4017.012687,-229.828649,-0.000000,9030.512492
4017.013002,-612.876398,444.123565,9474.636058
4017.013317,-766.095498,370.102971,9474.636058
4017.013633,-1149.143247,-0.000000,9992.780217
4017.013948,-1225.752797,-0.000000,10362.883188
4017.014263,-919.314598,-148.041188,10362.883188
4017.014578,-1225.752797,-0.000000,10140.821405
4017.014893,-689.485948,222.061783,10288.862594
4017.015208,-383.047749,-0.000000,10658.965565
4017.015523,153.219100,-0.000000,9770.718434
4017.015839,766.095498,370.102971,9400.615463
4017.016154,536.266849,444.123565,8882.471304
4017.016469,612.876398,444.123565,9104.533087
4017.016784,842.705048,222.061783,9104.533087
4017.017099,995.924147,-0.000000,9252.574275
4017.017414,1225.752797,-296.082377,9474.636058
4017.017729,306.438199,-592.164754,9696.697840
4017.018045,229.828649,-518.144159,9548.656652
4017.018360,229.828649,-592.164754,9696.697840
4017.018675,76.609550,-296.082377,9622.677246
4017.018990,76.609550,-0.000000,9696.697840
4017.019305,-153.219100,592.164754,9252.574275
4017.019620,-383.047749,592.164754,9400.615463
4017.019935,-383.047749,814.226536,9474.636058
4017.020250,-459.657299,740.205942,9992.780217
4017.020566,-689.485948,370.102971,10066.800811
4017.020881,-995.924147,518.144159,10288.862594
4017.021196,-1072.533697,370.102971,10436.903782
4017.021511,-766.095498,370.102971,10288.862594
4017.021826,-536.266849,370.102971,9992.780217
4017.022141,0.000000,222.061783,10362.883188
4017.022456,229.828649,370.102971,9770.718434
4017.022772,612.876398,296.082377,9474.636058
4017.023087,612.876398,370.102971,9104.533087
4017.023402,459.657299,518.144159,8808.450710
4017.023717,1455.581446,-0.000000,9326.594869
4017.024032,1302.362347,-0.000000,8956.491898
4017.024347,1685.410096,-148.041188,9178.553681
4017.024662,995.924147,-222.061783,9178.553681
4017.024978,1149.143247,-222.061783,8956.491898
4017.025293,842.705048,-0.000000,9474.636058
4017.025608,842.705048,222.061783,8956.491898
4017.025923,689.485948,444.123565,9326.594869
4017.026238,0.000000,444.123565,9326.594869
4017.026553,-383.047749,666.185348,9622.677246
4017.026868,0.000000,740.205942,9474.636058
4017.027184,-689.485948,222.061783,9992.780217
4017.027499,-612.876398,592.164754,10510.924376
4017.027814,-995.924147,518.144159,10436.903782
4017.028129,-842.705048,370.102971,10510.924376
4017.028444,-459.657299,-0.000000,10066.800811
4017.028759,-383.047749,296.082377,9770.718434
4017.029074,306.438199,518.144159,9770.718434
4017.029389,459.657299,518.144159,9548.656652
4017.029705,689.485948,666.185348,9474.636058
4017.030020,0.000000,222.061783,9030.512492
4017.030335,919.314598,-0.000000,9030.512492
4017.030650,919.314598,-148.041188,9548.656652
4017.030965,995.924147,-444.123565,9918.759623
4017.031280,842.705048,-592.164754,9474.636058
4017.031595,612.876398,-592.164754,9770.718434
4017.031911,612.876398,-370.102971,9696.697840
4017.032226,536.266849,-0.000000,9474.636058
4017.032541,76.609550,296.082377,9400.615463
4017.032856,76.609550,592.164754,9326.594869
4017.033171,-383.047749,518.144159,9548.656652
4017.033486,-229.828649,370.102971,9474.636058
4017.033801,-536.266849,296.082377,9548.656652
4017.034117,-919.314598,518.144159,9770.718434
4017.034432,-1072.533697,-0.000000,9622.677246
4017.034747,-1532.190996,444.123565,10362.883188
4017.035062,-1455.581446,222.061783,10288.862594
4017.035377,-919.314598,-74.020594,9992.780217
4017.035692,-383.047749,-74.020594,9400.615463
4017.036007,153.219100,-0.000000,9474.636058
4017.036323,153.219100,222.061783,9770.718434
4017.036638,536.266849,-0.000000,9030.512492
4017.036953,459.657299,-0.000000,9030.512492
4017.037268,766.095498,-0.000000,9326.594869
4017.037583,1072.533697,-222.061783,9178.553681
4017.037898,842.705048,-444.123565,9326.594869
4017.038213,689.485948,-296.082377,9474.636058
4017.038528,766.095498,-370.102971,9400.615463
4017.038843,459.657299,-370.102971,9326.594869
4017.039158,383.047749,-222.061783,9104.533087
4017.039473,153.219100,370.102971,9400.615463
4017.039788,-153.219100,222.061783,9326.594869
4017.040103,-383.047749,-0.000000,9474.636058
4017.040419,-919.314598,148.041188,9992.780217
4017.040734,-1072.533697,592.164754,10288.862594
4017.041049,-1762.019645,-74.020594,10140.821405
4017.041364,-1455.581446,-0.000000,10510.924376
4017.041679,-919.314598,-0.000000,10955.047942
4017.041994,-842.705048,-0.000000,10066.800811
4017.042309,-306.438199,-0.000000,9474.636058
4017.042624,153.219100,296.082377,10066.800811
4017.042939,459.657299,666.185348,9622.677246
4017.043254,612.876398,740.205942,9400.615463
4017.043569,689.485948,444.123565,9030.512492
4017.043884,1378.971896,-0.000000,9104.533087
4017.044199,1532.190996,-0.000000,8882.471304
4017.044514,1378.971896,-222.061783,9178.553681
4017.044829,842.705048,-296.082377,9548.656652
4017.045144,536.266849,-592.164754,9104.533087
4017.045459,536.266849,-148.041188,9104.533087
4017.045775,919.314598,-148.041188,9252.574275
4017.046090,383.047749,-0.000000,9474.636058
4017.046405,306.438199,296.082377,9104.533087
4017.046720,0.000000,592.164754,9252.574275
4017.047035,0.000000,814.226536,9326.594869
4017.047350,-229.828649,740.205942,10066.800811
4017.047665,-689.485948,444.123565,9992.780217
4017.047980,-383.047749,518.144159,10510.924376
4017.048295,-459.657299,444.123565,10362.883188
4017.048610,-612.876398,296.082377,10214.842000
4017.048925,229.828649,518.144159,9770.718434
4017.049240,229.828649,296.082377,10214.842000
4017.049555,612.876398,666.185348,9548.656652
4017.049870,383.047749,592.164754,9326.594869
4017.050185,612.876398,222.061783,9548.656652
4017.050500,919.314598,148.041188,9474.636058
4017.050816,1072.533697,-74.020594,9030.512492
4017.051131,1149.143247,-222.061783,9474.636058
4017.051446,766.095498,-148.041188,9474.636058
4017.051761,842.705048,-518.144159,9474.636058
4017.052076,689.485948,-370.102971,9770.718434
4017.052391,459.657299,-222.061783,9474.636058
4017.052706,306.438199,-0.000000,9548.656652
4017.053021,0.000000,444.123565,8808.450710
4017.053336,-306.438199,518.144159,9696.697840
4017.053651,-842.705048,592.164754,9844.739029
4017.053966,-1302.362347,370.102971,10140.821405
4017.054281,-1302.362347,222.061783,10288.862594
4017.054596,-1608.800546,148.041188,10436.903782
4017.054911,-1225.752797,592.164754,10584.944971
4017.055226,-1149.143247,-0.000000,10214.842000
4017.055541,-842.705048,-0.000000,10362.883188
4017.055856,-306.438199,-0.000000,9918.759623
4017.056172,306.438199,148.041188,9400.615463
4017.056487,229.828649,-0.000000,9178.553681
4017.056802,612.876398,-0.000000,8882.471304
4017.057117,842.705048,-0.000000,8882.471304
4017.057432,1072.533697,-74.020594,8956.491898
4017.057747,1072.533697,-370.102971,9030.512492
4017.058062,995.924147,-518.144159,9252.574275
4017.058377,536.266849,-666.185348,9326.594869
4017.058692,306.438199,-592.164754,9474.636058
4017.059007,459.657299,-370.102971,9400.615463
4017.059322,689.485948,-296.082377,9400.615463
4017.059637,612.876398,-74.020594,9104.533087
4017.059952,76.609550,444.123565,9326.594869
4017.060267,0.000000,740.205942,9178.553681
4017.060582,0.000000,592.164754,9252.574275
4017.060897,-536.266849,444.123565,10066.800811
4017.061212,-842.705048,370.102971,10436.903782
4017.061528,-842.705048,-0.000000,10362.883188
4017.061843,-689.485948,518.144159,10066.800811
4017.062158,-689.485948,-0.000000,10066.800811
4017.062473,0.000000,370.102971,9918.759623
4017.062788,306.438199,444.123565,9844.739029
4017.063103,536.266849,370.102971,9696.697840
4017.063418,383.047749,222.061783,9474.636058
4017.063733,842.705048,518.144159,9030.512492
4017.064048,1149.143247,-0.000000,9252.574275
4017.064363,1302.362347,-296.082377,9474.636058
4017.064678,995.924147,-666.185348,9400.615463
4017.064993,229.828649,-296.082377,9696.697840
4017.065308,689.485948,-370.102971,9474.636058
4017.065623,689.485948,-148.041188,9548.656652
4017.065938,689.485948,-0.000000,9178.553681
4017.066253,383.047749,-0.000000,9548.656652
4017.066569,0.000000,444.123565,9178.553681
4017.066884,-229.828649,518.144159,9474.636058
4017.067199,-842.705048,518.144159,9474.636058
4017.067514,-612.876398,592.164754,10214.842000
4017.067829,-766.095498,518.144159,10066.800811
4017.068144,-766.095498,296.082377,10140.821405
4017.068459,-1302.362347,222.061783,10510.924376
4017.068774,-612.876398,-0.000000,9992.780217
4017.069089,-306.438199,-0.000000,9992.780217
4017.069404,153.219100,148.041188,9844.739029
4017.069719,383.047749,592.164754,9474.636058
4017.070034,689.485948,518.144159,8956.491898
4017.070349,842.705048,814.226536,8882.471304
4017.070664,1302.362347,814.226536,9326.594869
4017.070979,1149.143247,296.082377,9104.533087
4017.071294,995.924147,296.082377,9030.512492
4017.071609,766.095498,-0.000000,9400.615463
4017.071925,919.314598,-518.144159,9770.718434
4017.072240,383.047749,-296.082377,9992.780217
4017.072555,0.000000,-74.020594,9770.718434
4017.072870,229.828649,-74.020594,9844.739029
4017.073185,76.609550,666.185348,9622.677246
4017.073500,0.000000,1036.288319,9696.697840
4017.073815,-153.219100,814.226536,9474.636058
4017.074130,-459.657299,740.205942,9696.697840
4017.074445,-766.095498,666.185348,10140.821405
4017.074760,-612.876398,814.226536,10214.842000
4017.075075,-919.314598,370.102971,10510.924376
4017.075390,-612.876398,-0.000000,10584.944971
4017.075705,-766.095498,-0.000000,10214.842000
4017.076020,-76.609550,-0.000000,9918.759623
4017.076335,612.876398,-148.041188,9918.759623
4017.076650,383.047749,-222.061783,9696.697840
4017.076965,459.657299,222.061783,9474.636058
4017.077281,689.485948,-148.041188,8956.491898
4017.077596,766.095498,-74.020594,9030.512492
4017.077911,1149.143247,-74.020594,9326.594869
4017.078226,1072.533697,-518.144159,9326.594869
4017.078541,766.095498,-592.164754,9474.636058
4017.078856,689.485948,-518.144159,9326.594869
4017.079171,766.095498,-296.082377,9474.636058
4017.079486,612.876398,-0.000000,9326.594869
4017.079801,383.047749,370.102971,9400.615463
4017.080116,76.609550,296.082377,8956.491898
4017.080431,-229.828649,222.061783,9400.615463
4017.080746,0.000000,518.144159,9252.574275
4017.081061,-689.485948,666.185348,9622.677246
4017.081376,-766.095498,444.123565,10140.821405
4017.081691,-919.314598,370.102971,10436.903782
4017.082006,-1149.143247,222.061783,10732.986159
4017.082322,-1149.143247,-222.061783,9992.780217
4017.082637,-306.438199,-0.000000,9696.697840
4017.082952,0.000000,444.123565,10214.842000
4017.083267,153.219100,222.061783,9548.656652
4017.083582,459.657299,444.123565,9252.574275
4017.083897,536.266849,518.144159,9252.574275
4017.084212,766.095498,222.061783,9474.636058
4017.084527,919.314598,-74.020594,9326.594869
4017.084842,1149.143247,-0.000000,9104.533087
4017.085157,842.705048,-296.082377,9622.677246
4017.085472,842.705048,-222.061783,9474.636058
4017.085787,689.485948,-0.000000,9622.677246
4017.086102,229.828649,-148.041188,9474.636058
4017.086417,153.219100,-74.020594,9252.574275
4017.086732,76.609550,370.102971,9104.533087
4017.087047,-536.266849,148.041188,9474.636058
4017.087362,-612.876398,222.061783,9622.677246
4017.087678,-612.876398,-0.000000,9474.636058
4017.087993,-995.924147,370.102971,9992.780217
4017.088308,-1302.362347,-0.000000,10214.842000
4017.088623,-1149.143247,370.102971,10362.883188
4017.088938,-612.876398,-0.000000,10584.944971
4017.089253,0.000000,-0.000000,10066.800811
4017.089568,229.828649,222.061783,9548.656652
4017.089883,689.485948,370.102971,9474.636058
4017.090198,766.095498,444.123565,9474.636058
4017.090513,919.314598,444.123565,9326.594869
4017.090828,995.924147,-0.000000,8808.450710
4017.091143,842.705048,-0.000000,9030.512492
4017.091458,842.705048,-296.082377,9104.533087
4017.091773,689.485948,-370.102971,9400.615463
4017.092088,766.095498,-370.102971,9992.780217
4017.092403,153.219100,-444.123565,9474.636058
4017.092718,766.095498,-296.082377,9622.677246
4017.093034,306.438199,-0.000000,9400.615463
4017.093349,0.000000,444.123565,9326.594869
4017.093664,306.438199,962.267725,9844.739029
4017.093979,-153.219100,1184.329507,9474.636058
4017.094294,-612.876398,962.267725,9474.636058
4017.094609,-766.095498,740.205942,9770.718434
4017.094924,-689.485948,888.247130,10436.903782
4017.095239,-842.705048,296.082377,10288.862594
4017.095554,-1225.752797,148.041188,10436.903782
4017.095869,-1072.533697,370.102971,10362.883188
4017.096184,-459.657299,518.144159,9844.739029
4017.096499,0.000000,296.082377,10066.800811
4017.096814,306.438199,370.102971,9252.574275
4017.097129,229.828649,518.144159,9474.636058
4017.097444,229.828649,370.102971,9104.533087
4017.097759,459.657299,-0.000000,9178.553681
4017.098075,919.314598,-0.000000,9474.636058
4017.098390,1225.752797,-518.144159,8882.471304
4017.098705,612.876398,-370.102971,9474.636058
4017.099020,766.095498,-222.061783,9474.636058
4017.099335,612.876398,-0.000000,9548.656652
4017.099650,229.828649,-222.061783,9400.615463
4017.099965,153.219100,148.041188,9178.553681
4017.100280,306.438199,592.164754,9178.553681
4017.100595,0.000000,370.102971,8956.491898
4017.100910,-306.438199,444.123565,9548.656652
4017.101225,-766.095498,222.061783,10288.862594
4017.101540,-1225.752797,-74.020594,10362.883188
4017.101855,-995.924147,222.061783,10140.821405
4017.102170,-1072.533697,-0.000000,10436.903782
4017.102485,-229.828649,-0.000000,10362.883188
4017.102800,0.000000,-0.000000,10066.800811
4017.103115,229.828649,370.102971,9696.697840
4017.103431,383.047749,370.102971,9474.636058
4017.103746,459.657299,592.164754,9178.553681
4017.104061,1072.533697,740.205942,9178.553681
4017.104376,1149.143247,296.082377,8956.491898
4017.104691,1302.362347,-0.000000,9252.574275
4017.105006,1149.143247,-74.020594,9252.574275
4017.105321,459.657299,-444.123565,9400.615463
4017.105636,995.924147,-74.020594,9622.677246
4017.105951,612.876398,-0.000000,9918.759623
4017.106266,536.266849,-0.000000,9770.718434
4017.106581,459.657299,-148.041188,9474.636058
4017.106896,0.000000,296.082377,9252.574275
4017.107211,-306.438199,444.123565,9474.636058
4017.107526,-459.657299,740.205942,9622.677246
4017.107841,-766.095498,444.123565,9770.718434
4017.108156,-995.924147,370.102971,9992.780217
4017.108471,-995.924147,-0.000000,10066.800811
4017.108787,-1149.143247,-0.000000,10584.944971
4017.109102,-842.705048,-0.000000,10658.965565
4017.109417,-536.266849,-74.020594,9918.759623
4017.109732,-306.438199,-0.000000,10066.800811
4017.110047,153.219100,-74.020594,9622.677246
4017.110362,229.828649,296.082377,9400.615463
4017.110677,612.876398,370.102971,9622.677246
4017.110992,842.705048,222.061783,9178.553681
4017.111307,1072.533697,-74.020594,8808.450710
4017.111622,1378.971896,-148.041188,9104.533087
4017.111937,842.705048,-518.144159,9178.553681
4017.112252,842.705048,-740.205942,9400.615463
4017.112567,689.485948,-592.164754,9326.594869
4017.112882,842.705048,-370.102971,9104.533087
4017.113197,842.705048,-370.102971,9326.594869
4017.113512,153.219100,-0.000000,9474.636058
4017.113828,0.000000,-74.020594,9474.636058
4017.114143,0.000000,-0.000000,9474.636058
4017.114458,0.000000,-0.000000,9770.718434
4017.114773,0.000000,-0.000000,10436.903782
4017.115088,-229.828649,-0.000000,10807.006753
4017.115403,0.000000,-0.000000,10584.944971
4017.115718,306.438199,-148.041188,10436.903782
4017.116033,689.485948,-296.082377,9992.780217
4017.116348,1608.800546,-0.000000,9622.677246
4017.116663,1685.410096,296.082377,9326.594869
4017.116978,2145.067394,-0.000000,9326.594869
4017.117293,1915.238745,-148.041188,8882.471304
4017.117608,1838.629195,-222.061783,8808.450710
4017.117923,2068.457845,-814.226536,9474.636058
4017.118238,1378.971896,-1332.370696,9918.759623
4017.118553,1455.581446,-1850.514855,10214.842000
4017.118868,1762.019645,-1924.535449,10140.821405
4017.119184,1915.238745,-1924.535449,10362.883188
4017.119499,2374.896044,-1702.473667,10288.862594
4017.119814,2604.724693,-1406.391290,9918.759623
4017.120129,3064.381992,-1036.288319,9844.739029
4017.120444,3064.381992,-518.144159,9326.594869
4017.120759,3064.381992,-0.000000,8808.450710
4017.121074,2834.553343,-370.102971,8956.491898
4017.121389,2604.724693,-740.205942,9178.553681
4017.121704,2374.896044,-1480.411884,9326.594869
4017.122019,1685.410096,-1776.494261,9770.718434
4017.122334,1149.143247,-2146.597232,10214.842000
4017.122649,1149.143247,-2886.803174,9992.780217
4017.122964,536.266849,-3256.906145,10658.965565
4017.123279,1149.143247,-3034.844362,10584.944971
4017.123594,1378.971896,-2590.720797,9844.739029
4017.123909,1532.190996,-2368.659014,9474.636058
4017.124224,2145.067394,-1702.473667,9400.615463
4017.124540,2298.286494,-962.267725,9178.553681
4017.124855,2221.676944,-1258.350101,8586.388927
4017.125170,2068.457845,-1184.329507,8290.306550
4017.125485,1838.629195,-1258.350101,9326.594869
4017.125800,1762.019645,-1850.514855,9178.553681
4017.126115,1685.410096,-2368.659014,9474.636058
4017.126430,1072.533697,-2442.679609,9548.656652
4017.126745,842.705048,-2664.741391,9696.697840
4017.127060,766.095498,-2590.720797,9918.759623
4017.127375,995.924147,-2590.720797,10436.903782
4017.127690,689.485948,-2886.803174,10140.821405
4017.128005,842.705048,-2590.720797,9696.697840
4017.128320,1302.362347,-2220.617826,9252.574275
4017.128635,1762.019645,-2146.597232,9104.533087
4017.128950,1838.629195,-1850.514855,9030.512492
4017.129265,1991.848295,-1924.535449,8660.409521
4017.129581,2068.457845,-1850.514855,8882.471304
4017.129896,2528.115143,-1924.535449,8808.450710
4017.130211,2451.505594,-1998.556043,8734.430116
4017.130526,2451.505594,-2220.617826,9104.533087
4017.130841,1991.848295,-2812.782580,9622.677246
4017.131156,2145.067394,-2368.659014,9622.677246
4017.131471,1608.800546,-2442.679609,8956.491898
4017.131786,1685.410096,-2368.659014,9474.636058
4017.132101,1685.410096,-1998.556043,9474.636058
4017.132416,1762.019645,-1850.514855,9252.574275
4017.132731,1532.190996,-1776.494261,9178.553681
4017.133046,1838.629195,-1480.411884,9474.636058
4017.133361,1608.800546,-1258.350101,9030.512492
4017.133676,1608.800546,-1406.391290,9178.553681
4017.133991,1608.800546,-1480.411884,9696.697840
4017.134306,1072.533697,-1554.432478,9844.739029
4017.134621,1378.971896,-1554.432478,10214.842000
4017.134937,1302.362347,-1480.411884,10362.883188
4017.135252,1762.019645,-1702.473667,10288.862594
4017.135567,1762.019645,-1480.411884,9992.780217
4017.135882,1915.238745,-1258.350101,9548.656652
4017.136197,1838.629195,-1258.350101,9696.697840
4017.136512,2145.067394,-962.267725,9844.739029
4017.136827,2451.505594,-962.267725,9770.718434
4017.137142,2221.676944,-1406.391290,9918.759623
4017.137457,2451.505594,-1554.432478,9696.697840
4017.137772,2604.724693,-1554.432478,10362.883188
4017.138087,2604.724693,-1702.473667,10658.965565
4017.138402,2987.772442,-1998.556043,10584.944971
4017.138717,2911.162892,-1480.411884,10140.821405
4017.139032,3064.381992,-1406.391290,9770.718434
4017.139347,3677.258390,-1184.329507,9770.718434
4017.139663,3753.867940,-1036.288319,9844.739029
4017.139978,3830.477490,-962.267725,9548.656652
4017.140293,3370.820191,-1110.308913,9326.594869
4017.140608,3524.039291,-1258.350101,9548.656652
4017.140923,3370.820191,-1702.473667,9770.718434
4017.141238,3140.991542,-1776.494261,9622.677246
4017.141553,2834.553343,-2812.782580,10362.883188
4017.141868,2911.162892,-2738.761985,10510.924376
4017.142183,2681.334243,-2664.741391,10140.821405
4017.142498,2757.943793,-2516.700203,10140.821405
4017.142813,2604.724693,-2664.741391,9696.697840
4017.143128,2757.943793,-2368.659014,9178.553681
4017.143444,2374.896044,-1702.473667,8734.430116
4017.143759,2374.896044,-1998.556043,8364.327145
4017.144074,2145.067394,-1702.473667,8068.244768
4017.144389,1225.752797,-1702.473667,8216.285956
4017.144704,536.266849,-1998.556043,8882.471304
4017.145019,-153.219100,-2294.638420,9474.636058
4017.145334,-536.266849,-2738.761985,9992.780217
4017.145649,-536.266849,-2960.823768,10362.883188
4017.145964,-766.095498,-2886.803174,10881.027347
4017.146279,-306.438199,-2516.700203,11029.068536
4017.146594,-383.047749,-2368.659014,10362.883188
4017.146909,383.047749,-1628.453072,9770.718434
4017.147225,919.314598,-1036.288319,9474.636058
4017.147540,1455.581446,-666.185348,8512.368333
4017.147855,1838.629195,-296.082377,7846.182985
4017.148170,1302.362347,-222.061783,7254.018232
4017.148485,995.924147,-666.185348,7402.059420
4017.148800,383.047749,-962.267725,7846.182985
4017.149115,0.000000,-1406.391290,8290.306550
4017.149430,-689.485948,-1850.514855,8512.368333
4017.149745,-1149.143247,-1924.535449,9474.636058
4017.150060,-1149.143247,-1776.494261,9178.553681
4017.150375,-1762.019645,-1480.411884,9844.739029
4017.150691,-1225.752797,-814.226536,9992.780217
4017.151006,-459.657299,-370.102971,9548.656652
4017.151321,-766.095498,444.123565,9030.512492
4017.151636,-459.657299,1332.370696,8956.491898
4017.151951,0.000000,2294.638420,8586.388927
4017.152266,-459.657299,2442.679609,8290.306550
4017.152581,-766.095498,2368.659014,9030.512492
4017.152896,-689.485948,2146.597232,9770.718434
4017.153211,-1225.752797,1554.432478,10362.883188
4017.153526,-1225.752797,740.205942,11251.130318
4017.153841,-1072.533697,-0.000000,11843.295072
4017.154156,-766.095498,-370.102971,12139.377449
4017.154472,-383.047749,-296.082377,12139.377449
4017.154787,612.876398,222.061783,11843.295072
4017.155102,1149.143247,1332.370696,10881.027347
4017.155417,2068.457845,2072.576638,9844.739029
4017.155732,2757.943793,2812.782580,8882.471304
4017.156047,2834.553343,2812.782580,8512.368333
4017.156362,2911.162892,3108.864956,8364.327145
4017.156677,2834.553343,2664.741391,8734.430116
4017.156992,2068.457845,1776.494261,9770.718434
4017.157307,1302.362347,1184.329507,10436.903782
4017.157622,689.485948,444.123565,11251.130318
4017.157937,76.609550,-0.000000,11769.274478
4017.158253,153.219100,-148.041188,11991.336260
4017.158568,-306.438199,370.102971,11769.274478
4017.158883,153.219100,888.247130,10881.027347
4017.159198,0.000000,2072.576638,9918.759623
4017.159513,536.266849,2442.679609,9178.553681
4017.159828,612.876398,3034.844362,8660.409521
4017.160143,689.485948,2738.761985,8512.368333
4017.160458,229.828649,1850.514855,8660.409521
4017.160773,0.000000,1036.288319,9178.553681
4017.161088,153.219100,-0.000000,9992.780217
4017.161403,0.000000,-444.123565,10881.027347
4017.161718,76.609550,-1110.308913,10881.027347
4017.162034,0.000000,-962.267725,10881.027347
4017.162349,306.438199,-592.164754,10288.862594
4017.162664,919.314598,-74.020594,9474.636058
4017.162979,1072.533697,444.123565,8142.265362
4017.163294,1302.362347,666.185348,7402.059420
4017.163609,919.314598,814.226536,7402.059420
4017.163924,459.657299,740.205942,7624.121203
4017.164239,-229.828649,222.061783,8142.265362
4017.164554,-842.705048,-222.061783,8734.430116
4017.164869,-919.314598,-814.226536,9474.636058
4017.165184,-1149.143247,-1628.453072,9844.739029
4017.165499,-1455.581446,-1110.308913,10066.800811
4017.165815,-1762.019645,-888.247130,10436.903782
4017.166130,-1991.848295,-666.185348,9696.697840
4017.166445,-1838.629195,-518.144159,9178.553681
4017.166760,-1149.143247,148.041188,8512.368333
4017.167075,-1149.143247,518.144159,8216.285956
4017.167390,-1149.143247,592.164754,8512.368333
4017.167705,-766.095498,148.041188,8956.491898
4017.168020,-689.485948,-444.123565,9474.636058
4017.168335,0.000000,-814.226536,9548.656652
4017.168650,383.047749,-1110.308913,9770.718434
4017.168965,383.047749,-1702.473667,10510.924376
4017.169280,689.485948,-1406.391290,10288.862594
4017.169596,842.705048,-1406.391290,9844.739029
4017.169911,1225.752797,-1110.308913,9400.615463
4017.170226,1149.143247,-888.247130,8956.491898
4017.170541,919.314598,-592.164754,8660.409521
4017.170856,306.438199,-592.164754,8364.327145
4017.171171,0.000000,-296.082377,9326.594869
4017.171486,-153.219100,-962.267725,9326.594869
4017.171801,-459.657299,-814.226536,9770.718434
4017.172116,-766.095498,-962.267725,10881.027347
4017.172431,-766.095498,-1110.308913,11325.150913
4017.172746,-1378.971896,-444.123565,11325.150913
4017.173061,-766.095498,-518.144159,11399.171507
4017.173377,0.000000,-0.000000,11473.192101
4017.173692,229.828649,814.226536,10732.986159
4017.174007,0.000000,1184.329507,9474.636058
4017.174322,612.876398,1258.350101,9474.636058
4017.174637,1225.752797,1628.453072,9178.553681
4017.174952,1225.752797,1110.308913,9178.553681
4017.175267,1532.190996,666.185348,9252.574275
4017.175582,1838.629195,296.082377,9326.594869
4017.175897,1455.581446,222.061783,9030.512492
4017.176212,1762.019645,-222.061783,9030.512492
4017.176527,1608.800546,-666.185348,9400.615463
4017.176842,1685.410096,-666.185348,9104.533087
4017.177158,1302.362347,-296.082377,9104.533087
4017.177473,919.314598,-0.000000,8586.388927
4017.177788,1302.362347,814.226536,8808.450710
4017.178103,612.876398,1110.308913,8882.471304
4017.178418,842.705048,962.267725,9326.594869
4017.178733,459.657299,962.267725,9178.553681
4017.179048,76.609550,1184.329507,9474.636058
4017.179363,-383.047749,1184.329507,9622.677246
4017.179678,-689.485948,962.267725,10288.862594
4017.179993,-536.266849,1036.288319,10362.883188
4017.180308,-919.314598,814.226536,10066.800811
4017.180624,-842.705048,888.247130,10510.924376
4017.180939,-919.314598,592.164754,10584.944971
4017.181254,-612.876398,222.061783,10066.800811
4017.181569,-689.485948,-0.000000,10066.800811
4017.181884,-383.047749,-0.000000,9622.677246
4017.182199,153.219100,-148.041188,9474.636058
4017.182514,306.438199,518.144159,9030.512492
4017.182829,383.047749,518.144159,8660.409521
4017.183144,919.314598,518.144159,8734.430116
4017.183459,766.095498,666.185348,8734.430116
4017.183774,766.095498,592.164754,8660.409521
4017.184089,459.657299,-0.000000,9400.615463
4017.184405,-76.609550,-0.000000,9918.759623
4017.184720,-689.485948,296.082377,9548.656652
4017.185035,-1225.752797,222.061783,9844.739029
4017.185350,-1072.533697,222.061783,10140.821405
4017.185665,-995.924147,444.123565,10288.862594
4017.185980,-1225.752797,592.164754,10066.800811
4017.186295,-1378.971896,1258.350101,10066.800811
4017.186610,-919.314598,1776.494261,9696.697840
4017.186925,-766.095498,1554.432478,9474.636058
4017.187240,-536.266849,1036.288319,9918.759623
4017.187555,0.000000,518.144159,9844.739029
4017.187870,-229.828649,592.164754,10140.821405
4017.188186,0.000000,370.102971,9992.780217
4017.188501,536.266849,-0.000000,10288.862594
4017.188816,995.924147,-148.041188,9992.780217
4017.189131,1378.971896,-74.020594,9548.656652
4017.189446,1455.581446,-0.000000,8956.491898
4017.189761,1378.971896,222.061783,8882.471304
4017.190076,1455.581446,-0.000000,8586.388927
4017.190391,1225.752797,-0.000000,9104.533087
4017.190706,689.485948,-370.102971,9326.594869
4017.191021,383.047749,-592.164754,9474.636058
4017.191336,153.219100,-962.267725,9844.739029
4017.191651,0.000000,-1036.288319,10362.883188
4017.191967,-383.047749,-1036.288319,10584.944971
4017.192282,-229.828649,-592.164754,10510.924376
4017.192597,-459.657299,-592.164754,10362.883188
4017.192912,-536.266849,-148.041188,10140.821405
4017.193227,-306.438199,-0.000000,9918.759623
4017.193542,-229.828649,222.061783,9548.656652
4017.193857,0.000000,148.041188,9622.677246
4017.194172,0.000000,222.061783,9696.697840
4017.194487,76.609550,-222.061783,9474.636058
4017.194802,229.828649,-888.247130,9548.656652
4017.195117,153.219100,-1184.329507,10066.800811
4017.195432,842.705048,-1110.308913,9770.718434
4017.195748,919.314598,-1406.391290,9326.594869
4017.196063,1225.752797,-1258.350101,9400.615463
4017.196378,1762.019645,-888.247130,8882.471304
4017.196693,2068.457845,-962.267725,8364.327145
4017.197008,2068.457845,-444.123565,7994.224174
4017.197323,1532.190996,-296.082377,8068.244768
4017.197638,1072.533697,-0.000000,8290.306550
4017.197953,459.657299,-296.082377,8586.388927
4017.198268,0.000000,-518.144159,8808.450710
4017.198583,-612.876398,-666.185348,9474.636058
4017.198898,-383.047749,-814.226536,9548.656652
4017.199213,-919.314598,-518.144159,9918.759623
4017.199529,-919.314598,-296.082377,10140.821405
4017.199844,-1149.143247,-296.082377,10140.821405
4017.200159,-1302.362347,296.082377,9622.677246
4017.200474,-1302.362347,444.123565,9770.718434
4017.200789,-689.485948,888.247130,9696.697840
4017.201104,-612.876398,592.164754,9474.636058
4017.201419,-383.047749,666.185348,9992.780217
4017.201734,-383.047749,296.082377,9770.718434
4017.202049,-306.438199,-0.000000,9844.739029
4017.202364,76.609550,-0.000000,9770.718434
4017.202679,612.876398,-74.020594,9770.718434
4017.202994,1225.752797,-74.020594,9770.718434
4017.203310,995.924147,-0.000000,9030.512492
4017.203625,1072.533697,-0.000000,8734.430116
4017.203940,766.095498,444.123565,9326.594869
4017.204255,536.266849,444.123565,9252.574275
4017.204570,0.000000,-0.000000,9548.656652
4017.204885,-459.657299,296.082377,9548.656652
4017.205200,-766.095498,-0.000000,9770.718434
4017.205515,-919.314598,444.123565,10214.842000
4017.205830,-1072.533697,740.205942,10732.986159
4017.206145,-919.314598,1036.288319,10436.903782
4017.206460,-1072.533697,1480.411884,10510.924376
4017.206776,-612.876398,1850.514855,10362.883188
4017.207091,-383.047749,1776.494261,10066.800811
4017.207406,-383.047749,1850.514855,10214.842000
4017.207721,0.000000,1850.514855,9992.780217
4017.208036,76.609550,1406.391290,10066.800811
4017.208351,306.438199,1332.370696,9548.656652
4017.208666,689.485948,814.226536,9696.697840
4017.208981,842.705048,666.185348,9548.656652
4017.209296,842.705048,444.123565,9696.697840
4017.209611,919.314598,666.185348,9326.594869
4017.209926,1225.752797,222.061783,8882.471304
4017.210241,1225.752797,592.164754,8956.491898
4017.210557,1455.581446,444.123565,8734.430116
4017.210872,995.924147,222.061783,9104.533087
4017.211187,689.485948,740.205942,9252.574275
4017.211502,306.438199,444.123565,9474.636058
4017.211817,76.609550,592.164754,9696.697840
4017.212132,153.219100,518.144159,9918.759623
4017.212447,153.219100,666.185348,9918.759623
4017.212762,-459.657299,518.144159,9622.677246
4017.213077,-536.266849,888.247130,9548.656652
4017.213392,-842.705048,814.226536,9844.739029
4017.213707,0.000000,370.102971,9992.780217
4017.214022,-383.047749,518.144159,9770.718434
4017.214338,-536.266849,148.041188,9326.594869
4017.214653,-536.266849,-296.082377,9770.718434
4017.214968,-229.828649,-74.020594,10066.800811
4017.215283,0.000000,-888.247130,9844.739029
4017.215598,76.609550,-592.164754,9770.718434
4017.215913,689.485948,-666.185348,9400.615463
4017.216228,1072.533697,-296.082377,9104.533087
4017.216543,1532.190996,-0.000000,8956.491898
4017.216858,1608.800546,-74.020594,8734.430116
4017.217173,1378.971896,-370.102971,8438.347739
4017.217488,1225.752797,-222.061783,8586.388927
4017.217803,842.705048,-148.041188,8956.491898
4017.218119,383.047749,-370.102971,9104.533087
4017.218434,0.000000,-296.082377,9770.718434
4017.218749,-689.485948,-592.164754,9918.759623
4017.219064,-459.657299,-740.205942,9918.759623
4017.219379,-919.314598,-666.185348,10066.800811
4017.219694,-1455.581446,-148.041188,9918.759623
4017.220009,-1378.971896,-222.061783,10066.800811
4017.220324,-1302.362347,-0.000000,9696.697840
4017.220639,-612.876398,222.061783,9844.739029
4017.220954,-995.924147,296.082377,9992.780217
4017.221269,-612.876398,148.041188,10140.821405
4017.221584,-306.438199,-0.000000,9992.780217
4017.221900,-229.828649,-0.000000,9844.739029
4017.222215,0.000000,-74.020594,10066.800811
4017.222530,536.266849,-444.123565,10214.842000
4017.222845,766.095498,-518.144159,10066.800811
4017.223160,612.876398,-518.144159,9474.636058
4017.223475,766.095498,-666.185348,9252.574275
4017.223790,842.705048,-518.144159,9104.533087
4017.224105,766.095498,-296.082377,9104.533087
4017.224420,536.266849,-370.102971,9104.533087
4017.224735,153.219100,-296.082377,9400.615463
4017.225050,229.828649,148.041188,9400.615463
4017.225365,0.000000,-666.185348,9400.615463
4017.225681,0.000000,-222.061783,9548.656652
4017.225996,-306.438199,-222.061783,9918.759623
4017.226311,-612.876398,-148.041188,9844.739029
4017.226626,-919.314598,370.102971,9770.718434
4017.226941,-459.657299,592.164754,9696.697840
4017.227256,-229.828649,666.185348,9770.718434
4017.227571,-306.438199,740.205942,9770.718434
4017.227886,0.000000,814.226536,9696.697840
4017.228201,-306.438199,444.123565,9918.759623
4017.228516,306.438199,518.144159,9548.656652
4017.228831,612.876398,222.061783,9548.656652
4017.229146,995.924147,-0.000000,9474.636058
4017.229462,1302.362347,-0.000000,9474.636058
4017.229777,1302.362347,222.061783,9178.553681
4017.230092,1685.410096,-0.000000,9104.533087
4017.230407,1532.190996,-0.000000,8438.347739
4017.230722,1762.019645,370.102971,8586.388927
4017.231037,1378.971896,592.164754,8438.347739
4017.231352,536.266849,370.102971,9104.533087
4017.231667,306.438199,370.102971,9474.636058
4017.231982,0.000000,592.164754,9622.677246
4017.232297,0.000000,370.102971,9474.636058
4017.232612,-612.876398,592.164754,9918.759623
4017.232927,-766.095498,592.164754,10288.862594
4017.233243,-1455.581446,666.185348,10436.903782
4017.233558,-1149.143247,814.226536,10658.965565
4017.233873,-1378.971896,888.247130,9992.780217
4017.234188,-842.705048,1184.329507,9992.780217
4017.234503,-766.095498,1036.288319,9918.759623
4017.234818,-229.828649,1110.308913,10510.924376
4017.235133,-689.485948,740.205942,10066.800811
4017.235448,0.000000,148.041188,9770.718434
4017.235763,383.047749,518.144159,9844.739029
4017.236078,383.047749,-0.000000,9474.636058
4017.236393,919.314598,74.020594,9474.636058
4017.236709,766.095498,-0.000000,9178.553681
4017.237024,919.314598,-0.000000,8882.471304
4017.237339,842.705048,-148.041188,8586.388927
4017.237654,842.705048,-0.000000,8956.491898
4017.237969,459.657299,-222.061783,9252.574275
4017.238284,0.000000,-296.082377,9548.656652
4017.238599,-612.876398,-296.082377,9326.594869
4017.238914,-689.485948,-370.102971,9918.759623
4017.239229,-459.657299,-592.164754,9992.780217
4017.239544,-689.485948,-74.020594,10584.944971
4017.239860,-689.485948,-0.000000,10436.903782
4017.240175,-1149.143247,370.102971,10066.800811
4017.240490,-689.485948,370.102971,9844.739029
4017.240805,-612.876398,740.205942,9770.718434
4017.241120,-459.657299,592.164754,9770.718434
4017.241435,0.000000,148.041188,9474.636058
4017.241750,0.000000,370.102971,9474.636058
4017.242066,153.219100,-148.041188,9770.718434
4017.242381,612.876398,-592.164754,9992.780217
4017.242696,612.876398,-666.185348,9474.636058
4017.243011,689.485948,-518.144159,9474.636058
4017.243326,1225.752797,-296.082377,9474.636058
4017.243641,1072.533697,-518.144159,8586.388927
4017.243956,2068.457845,-962.267725,8438.347739
4017.244271,1762.019645,-0.000000,8660.409521
4017.244587,1149.143247,-148.041188,8512.368333
4017.244902,766.095498,-148.041188,9030.512492
4017.245217,76.609550,-222.061783,9326.594869
4017.245532,0.000000,-518.144159,9474.636058
4017.245847,0.000000,-296.082377,9548.656652
4017.246162,-229.828649,-74.020594,9696.697840
4017.246477,-612.876398,-74.020594,10214.842000
4017.246793,-995.924147,-74.020594,9992.780217
4017.247108,-842.705048,148.041188,10362.883188
4017.247423,-766.095498,-0.000000,9844.739029
4017.247738,-306.438199,518.144159,10214.842000
4017.248053,0.000000,296.082377,9696.697840
4017.248368,0.000000,148.041188,9770.718434
4017.248683,0.000000,-296.082377,9770.718434
4017.248998,459.657299,-222.061783,9696.697840
4017.249314,689.485948,-0.000000,9770.718434
4017.249629,919.314598,-296.082377,9622.677246
4017.249944,1072.533697,-148.041188,9326.594869
4017.250259,1455.581446,-370.102971,8882.471304
4017.250574,1532.190996,-222.061783,8512.368333
4017.250889,1302.362347,-222.061783,8882.471304
4017.251204,1149.143247,-0.000000,8660.409521
4017.251520,612.876398,222.061783,9030.512492
4017.251835,0.000000,444.123565,9622.677246
4017.252150,-383.047749,222.061783,9474.636058
4017.252465,-766.095498,-0.000000,9992.780217
4017.252780,-766.095498,-0.000000,10140.821405
4017.253095,-995.924147,-0.000000,10362.883188
4017.253410,-1072.533697,740.205942,10510.924376
4017.253725,-1072.533697,1184.329507,10510.924376
4017.254041,-919.314598,1036.288319,10584.944971
4017.254356,-689.485948,1406.391290,10066.800811
4017.254671,0.000000,1184.329507,9622.677246
4017.254986,-306.438199,1110.308913,10140.821405
4017.255301,-459.657299,740.205942,10066.800811
4017.255616,0.000000,666.185348,9918.759623
4017.255931,76.609550,222.061783,9844.739029
4017.256246,153.219100,-0.000000,9548.656652
4017.256562,383.047749,-0.000000,9770.718434
4017.256877,612.876398,222.061783,9400.615463
4017.257192,536.266849,222.061783,9104.533087
4017.257507,1072.533697,222.061783,8660.409521
4017.257822,612.876398,222.061783,8956.491898
4017.258137,229.828649,592.164754,8882.471304
4017.258452,153.219100,296.082377,8956.491898
4017.258768,-536.266849,444.123565,9178.553681
4017.259083,-919.314598,296.082377,9548.656652
4017.259398,-536.266849,296.082377,10214.842000
4017.259713,-766.095498,296.082377,10140.821405
4017.260028,-995.924147,518.144159,9770.718434
4017.260343,-1225.752797,592.164754,9696.697840
4017.260658,-842.705048,962.267725,10214.842000
4017.260973,-536.266849,740.205942,9844.739029
4017.261289,-153.219100,666.185348,9622.677246
4017.261604,0.000000,518.144159,9770.718434
4017.261919,0.000000,666.185348,9474.636058
4017.262234,76.609550,370.102971,9326.594869
4017.262549,306.438199,-74.020594,10214.842000
4017.262864,995.924147,-0.000000,9918.759623
4017.263179,1532.190996,-0.000000,9548.656652
4017.263495,1455.581446,-74.020594,9252.574275
4017.263810,1915.238745,-296.082377,8660.409521
4017.264125,1838.629195,-74.020594,8882.471304
4017.264440,1685.410096,296.082377,8882.471304
4017.264755,1455.581446,-222.061783,9178.553681
4017.265070,995.924147,-0.000000,9326.594869
4017.265385,766.095498,-74.020594,9474.636058
4017.265700,0.000000,-222.061783,9696.697840
4017.266016,-306.438199,-370.102971,10362.883188
4017.266331,-76.609550,-74.020594,10214.842000
4017.266646,-612.876398,-74.020594,10140.821405
4017.266961,-536.266849,444.123565,9770.718434
4017.267276,-919.314598,592.164754,9918.759623
4017.267591,-536.266849,666.185348,9696.697840
4017.267906,-383.047749,370.102971,9770.718434
4017.268222,-229.828649,222.061783,9622.677246
4017.268537,-612.876398,-148.041188,9770.718434
4017.268852,153.219100,-0.000000,9770.718434
4017.269167,-229.828649,-740.205942,9918.759623
4017.269482,153.219100,-592.164754,10066.800811
4017.269797,612.876398,-1036.288319,9548.656652
4017.270112,536.266849,-814.226536,9548.656652
4017.270427,689.485948,-666.185348,9252.574275
4017.270743,919.314598,-296.082377,8586.388927
4017.271058,1072.533697,-296.082377,8438.347739
4017.271373,689.485948,-370.102971,8586.388927
4017.271688,459.657299,-148.041188,8808.450710
4017.272003,-229.828649,-222.061783,9030.512492
4017.272318,-306.438199,-370.102971,9400.615463
4017.272633,-383.047749,-740.205942,9326.594869
4017.272949,-766.095498,-518.144159,9474.636058
4017.273264,-842.705048,-592.164754,10288.862594
4017.273579,-1072.533697,-370.102971,10214.842000
4017.273894,-1302.362347,-0.000000,10140.821405
4017.274209,-766.095498,-0.000000,9548.656652
4017.274524,-612.876398,370.102971,9622.677246
4017.274839,-459.657299,888.247130,9992.780217
4017.275154,-306.438199,740.205942,9548.656652
4017.275470,-76.609550,666.185348,9474.636058
4017.275785,153.219100,370.102971,9548.656652
4017.276100,383.047749,-0.000000,9474.636058
4017.276415,612.876398,-0.000000,9474.636058
4017.276730,919.314598,-74.020594,9918.759623
4017.277045,919.314598,-0.000000,9400.615463
4017.277360,766.095498,-74.020594,9178.553681
4017.277676,1072.533697,-0.000000,9178.553681
4017.277991,995.924147,370.102971,9030.512492
4017.278306,689.485948,444.123565,9326.594869
4017.278621,766.095498,444.123565,9548.656652
4017.278936,536.266849,666.185348,9474.636058
4017.279251,0.000000,370.102971,9622.677246
4017.279566,-229.828649,370.102971,9770.718434
4017.279881,0.000000,666.185348,10214.842000
4017.280197,-306.438199,666.185348,10066.800811
4017.280512,-766.095498,888.247130,9992.780217
4017.280827,-383.047749,814.226536,9770.718434
4017.281142,-383.047749,1184.329507,10362.883188
4017.281457,-306.438199,1184.329507,10140.821405
4017.281772,-459.657299,1184.329507,9622.677246
4017.282087,-612.876398,962.267725,9918.759623
4017.282402,0.000000,444.123565,10140.821405
4017.282718,459.657299,222.061783,9992.780217
4017.283033,919.314598,370.102971,9696.697840
4017.283348,1225.752797,444.123565,9474.636058
4017.283663,1378.971896,444.123565,9474.636058
4017.283978,1378.971896,222.061783,9030.512492
4017.284293,1762.019645,296.082377,8882.471304
4017.284608,1608.800546,666.185348,8956.491898
4017.284924,1149.143247,592.164754,8956.491898
4017.285239,995.924147,296.082377,9400.615463
4017.285554,383.047749,222.061783,9622.677246
4017.285869,-306.438199,222.061783,9696.697840
4017.286184,-536.266849,-296.082377,9696.697840
4017.286499,-383.047749,-0.000000,10140.821405
4017.286814,-766.095498,370.102971,10362.883188
4017.287129,-842.705048,444.123565,10066.800811
4017.287445,-1302.362347,666.185348,10288.862594
4017.287760,-995.924147,888.247130,9918.759623
4017.288075,-153.219100,1184.329507,9770.718434
4017.288390,-383.047749,814.226536,9622.677246
4017.288705,-766.095498,444.123565,9992.780217
4017.289020,-153.219100,-0.000000,9918.759623
4017.289335,0.000000,-0.000000,9992.780217
4017.289651,0.000000,-222.061783,9844.739029
4017.289966,306.438199,-296.082377,9474.636058
4017.290281,459.657299,-222.061783,9104.533087
4017.290596,459.657299,-370.102971,9400.615463
4017.290911,536.266849,-296.082377,9326.594869
4017.291226,842.705048,-666.185348,8512.368333
4017.291541,612.876398,-592.164754,8660.409521
4017.291856,536.266849,-592.164754,8734.430116
4017.292172,0.000000,-518.144159,9400.615463
4017.292487,-306.438199,-444.123565,8956.491898
4017.292802,-459.657299,-518.144159,9400.615463
4017.293117,-229.828649,-1184.329507,9918.759623
4017.293432,-842.705048,-444.123565,9770.718434
4017.293747,-689.485948,-296.082377,9474.636058
4017.294062,-689.485948,-74.020594,9474.636058
4017.294378,-383.047749,-0.000000,9918.759623
4017.294693,-766.095498,-222.061783,9474.636058
4017.295008,-459.657299,-148.041188,9770.718434
4017.295323,0.000000,-74.020594,9918.759623
4017.295638,-229.828649,-444.123565,9548.656652
4017.295953,306.438199,-518.144159,9696.697840
4017.296268,536.266849,-814.226536,10732.986159
4017.296583,612.876398,-592.164754,9844.739029
4017.296899,766.095498,-444.123565,9548.656652
4017.297214,919.314598,-222.061783,9178.553681
4017.297529,1608.800546,-222.061783,9178.553681
4017.297844,1762.019645,-296.082377,8734.430116
4017.298159,1991.848295,-0.000000,8882.471304
4017.298474,1302.362347,-0.000000,8808.450710
4017.298789,919.314598,-0.000000,9104.533087
4017.299105,612.876398,-74.020594,9400.615463
4017.299420,0.000000,-0.000000,9770.718434
4017.299735,0.000000,-222.061783,10140.821405
4017.300050,-306.438199,-0.000000,9918.759623
4017.300365,-689.485948,-0.000000,9918.759623
4017.300680,-459.657299,518.144159,10510.924376
4017.300995,-842.705048,888.247130,10214.842000
4017.301310,-919.314598,740.205942,9844.739029
4017.301626,-536.266849,814.226536,9622.677246
4017.301941,0.000000,888.247130,9474.636058
4017.302256,-383.047749,370.102971,9770.718434
4017.302571,0.000000,666.185348,9474.636058
4017.302886,229.828649,370.102971,10140.821405
4017.303201,306.438199,148.041188,9844.739029
4017.303516,383.047749,-0.000000,9474.636058
4017.303832,536.266849,-222.061783,9474.636058
4017.304147,842.705048,-0.000000,9326.594869
4017.304462,995.924147,-0.000000,8882.471304
4017.304777,766.095498,444.123565,8956.491898
4017.305092,536.266849,370.102971,9400.615463
4017.305407,306.438199,-148.041188,9252.574275
4017.305722,153.219100,148.041188,9030.512492
4017.306037,-383.047749,222.061783,9770.718434
4017.306353,-766.095498,296.082377,10066.800811
4017.306668,0.000000,444.123565,10066.800811
4017.306983,-383.047749,814.226536,10436.903782
4017.307298,-766.095498,740.205942,10436.903782
4017.307613,-919.314598,1184.329507,10214.842000
4017.307928,-842.705048,1110.308913,10066.800811
4017.308243,-459.657299,962.267725,10214.842000
4017.308558,-229.828649,962.267725,9992.780217
4017.308874,-229.828649,814.226536,10066.800811
4017.309189,-306.438199,444.123565,9992.780217
4017.309504,0.000000,370.102971,9844.739029
4017.309819,459.657299,518.144159,9844.739029
4017.310134,383.047749,444.123565,10288.862594
4017.310449,766.095498,-0.000000,9918.759623
4017.310764,689.485948,444.123565,8956.491898
4017.311080,1149.143247,296.082377,8438.347739
4017.311395,1302.362347,296.082377,9104.533087
4017.311710,612.876398,296.082377,8660.409521
4017.312025,612.876398,222.061783,9252.574275
4017.312340,153.219100,296.082377,9474.636058
4017.312655,-306.438199,-0.000000,9178.553681
4017.312970,-76.609550,-0.000000,9696.697840
4017.313285,-229.828649,-0.000000,9696.697840
4017.313601,-536.266849,-0.000000,10214.842000
4017.313916,-842.705048,370.102971,10214.842000
4017.314231,-1072.533697,444.123565,9770.718434
4017.314546,-612.876398,444.123565,9770.718434
4017.314861,-153.219100,518.144159,9474.636058
4017.315176,153.219100,666.185348,9548.656652
4017.315491,153.219100,592.164754,9548.656652
4017.315807,0.000000,296.082377,9770.718434
4017.316122,612.876398,-296.082377,9548.656652
4017.316437,306.438199,-296.082377,9696.697840
4017.316752,689.485948,-370.102971,9844.739029
4017.317067,1149.143247,-666.185348,9622.677246
4017.317382,1225.752797,-444.123565,9474.636058
4017.317697,1302.362347,-518.144159,9474.636058
4017.318012,1378.971896,-296.082377,9178.553681
4017.318328,1608.800546,-222.061783,8808.450710
4017.318643,1378.971896,-0.000000,8660.409521
4017.318958,1149.143247,-0.000000,9178.553681
4017.319273,536.266849,222.061783,9622.677246
4017.319588,536.266849,-0.000000,9770.718434
4017.319903,0.000000,-296.082377,9770.718434
4017.320218,0.000000,-74.020594,10140.821405
4017.320534,-383.047749,-296.082377,10140.821405
4017.320849,-689.485948,-222.061783,10288.862594
4017.321164,-919.314598,-0.000000,10658.965565
4017.321479,-919.314598,-0.000000,9844.739029
4017.321794,-689.485948,444.123565,9844.739029
4017.322109,-612.876398,370.102971,9696.697840
4017.322424,-229.828649,222.061783,10066.800811
4017.322739,-229.828649,-0.000000,9844.739029
4017.323055,-306.438199,-370.102971,9844.739029
4017.323370,0.000000,-148.041188,9696.697840
4017.323685,459.657299,-148.041188,9696.697840
4017.324000,766.095498,-0.000000,9474.636058
4017.324315,919.314598,-148.041188,8882.471304
4017.324630,995.924147,-444.123565,8808.450710
4017.324945,1302.362347,-222.061783,8956.491898
4017.325261,1072.533697,-0.000000,8660.409521
4017.325576,536.266849,-148.041188,8586.388927
4017.325891,-76.609550,-74.020594,8956.491898
4017.326206,-689.485948,-444.123565,9252.574275
4017.326521,-306.438199,-814.226536,9474.636058
4017.326836,-766.095498,-370.102971,9696.697840
4017.327151,-919.314598,-74.020594,9696.697840
4017.327466,-1225.752797,-0.000000,9992.780217
4017.327782,-1302.362347,444.123565,9918.759623
4017.328097,-995.924147,444.123565,9474.636058
4017.328412,0.000000,888.247130,9474.636058
4017.328727,76.609550,1110.308913,9548.656652
4017.329042,229.828649,1480.411884,9474.636058
4017.329357,536.266849,962.267725,9474.636058
4017.329672,306.438199,370.102971,9548.656652
4017.329988,383.047749,148.041188,9696.697840
4017.330303,766.095498,222.061783,9844.739029
4017.330618,689.485948,-148.041188,9918.759623
4017.330933,1072.533697,-0.000000,9696.697840
4017.331248,1225.752797,-0.000000,9252.574275
4017.331563,1532.190996,222.061783,9474.636058
4017.331878,1225.752797,518.144159,9178.553681
4017.332193,1072.533697,592.164754,9326.594869
4017.332509,995.924147,1110.308913,9696.697840
4017.332824,383.047749,740.205942,9326.594869
4017.333139,229.828649,666.185348,9992.780217
4017.333454,153.219100,444.123565,9844.739029
4017.333769,-229.828649,444.123565,10140.821405
4017.334084,-612.876398,518.144159,10288.862594
4017.334399,-766.095498,740.205942,10214.842000
4017.334714,-995.924147,740.205942,10510.924376
4017.335030,-919.314598,962.267725,10066.800811
4017.335345,-1149.143247,444.123565,10288.862594
4017.335660,-995.924147,370.102971,10362.883188
4017.335975,-689.485948,296.082377,10140.821405
4017.336290,0.000000,-0.000000,10288.862594
4017.336605,153.219100,-0.000000,10066.800811
4017.336920,919.314598,-0.000000,9400.615463
4017.337236,1302.362347,-0.000000,9252.574275
4017.337551,1378.971896,444.123565,8808.450710
4017.337866,1378.971896,296.082377,8734.430116
4017.338181,1532.190996,148.041188,8438.347739
4017.338496,1455.581446,-0.000000,8216.285956
4017.338811,995.924147,-222.061783,8364.327145
4017.339126,229.828649,-296.082377,8808.450710
4017.339441,-306.438199,-444.123565,9474.636058
4017.339757,-995.924147,-592.164754,9622.677246
4017.340072,-766.095498,-518.144159,10066.800811
4017.340387,-1072.533697,-666.185348,10140.821405
4017.340702,-1072.533697,-148.041188,10510.924376
4017.341017,-1302.362347,222.061783,10140.821405
4017.341332,-1225.752797,444.123565,10066.800811
4017.341647,-459.657299,370.102971,9844.739029
4017.341962,-383.047749,740.205942,9548.656652
4017.342278,76.609550,962.267725,9474.636058
4017.342593,-459.657299,666.185348,9474.636058
4017.342908,0.000000,370.102971,9474.636058
4017.343223,-459.657299,-0.000000,10140.821405
4017.343538,306.438199,-370.102971,9548.656652
4017.343853,76.609550,-666.185348,9770.718434
4017.344168,459.657299,-592.164754,9770.718434
4017.344483,306.438199,-814.226536,9474.636058
4017.344798,536.266849,-1036.288319,9104.533087
4017.345114,766.095498,-740.205942,8734.430116
4017.345429,919.314598,-296.082377,9104.533087
4017.345744,766.095498,-0.000000,8808.450710
4017.346059,536.266849,-0.000000,8808.450710
4017.346374,0.000000,-74.020594,9104.533087
4017.346689,0.000000,-0.000000,9474.636058
4017.347004,76.609550,-0.000000,9696.697840
4017.347319,-383.047749,-0.000000,10066.800811
4017.347635,-306.438199,-0.000000,9770.718434
4017.347950,-842.705048,370.102971,10140.821405
4017.348265,-766.095498,444.123565,9844.739029
4017.348580,-383.047749,592.164754,10214.842000
4017.348895,-383.047749,-0.000000,9918.759623
4017.349210,-306.438199,296.082377,9992.780217
4017.349525,-383.047749,148.041188,10066.800811
4017.349840,0.000000,296.082377,9696.697840
4017.350155,689.485948,222.061783,10140.821405
4017.350471,919.314598,148.041188,9918.759623
4017.350786,1762.019645,-370.102971,9474.636058
4017.351101,1915.238745,-0.000000,9474.636058
4017.351416,1455.581446,148.041188,8808.450710
4017.351731,1838.629195,222.061783,9030.512492
4017.352046,1532.190996,592.164754,9178.553681
4017.352361,2145.067394,148.041188,9178.553681
4017.352676,612.876398,148.041188,9474.636058
4017.352992,0.000000,296.082377,9474.636058
4017.353307,-459.657299,222.061783,9770.718434
4017.353622,-459.657299,-0.000000,10140.821405
4017.353937,-919.314598,-0.000000,10362.883188
4017.354252,-1225.752797,74.020594,10584.944971
4017.354567,-1072.533697,296.082377,10140.821405
4017.354882,-919.314598,740.205942,10066.800811
4017.355197,-383.047749,814.226536,9770.718434
4017.355512,306.438199,1258.350101,9548.656652
4017.355828,0.000000,1258.350101,9474.636058
4017.356143,153.219100,814.226536,9548.656652
4017.356458,0.000000,666.185348,9622.677246
4017.356773,76.609550,-0.000000,9622.677246
4017.357088,76.609550,-444.123565,9622.677246
4017.357403,153.219100,-296.082377,9992.780217
4017.357718,536.266849,-444.123565,9770.718434
4017.358033,383.047749,-370.102971,9474.636058
4017.358349,766.095498,-370.102971,9030.512492
4017.358664,842.705048,-0.000000,8808.450710
4017.358979,919.314598,444.123565,8882.471304
4017.359294,1225.752797,222.061783,9178.553681
4017.359609,383.047749,296.082377,8882.471304
4017.359924,0.000000,-0.000000,8956.491898
4017.360239,-459.657299,-222.061783,9178.553681
4017.360554,-459.657299,-0.000000,9548.656652
4017.360869,-689.485948,296.082377,10214.842000
4017.361185,-1072.533697,296.082377,9992.780217
4017.361500,-1072.533697,-0.000000,9992.780217
4017.361815,-1225.752797,370.102971,9844.739029
4017.362130,-766.095498,444.123565,9770.718434
4017.362445,-612.876398,518.144159,9992.780217
4017.362760,-612.876398,444.123565,9844.739029
4017.363075,-459.657299,518.144159,10140.821405
4017.363390,0.000000,296.082377,9696.697840
4017.363706,612.876398,-148.041188,10066.800811
4017.364021,1149.143247,222.061783,9770.718434
4017.364336,1302.362347,148.041188,9326.594869
4017.364651,1455.581446,-74.020594,9252.574275
4017.364966,1532.190996,-74.020594,8956.491898
4017.365281,1532.190996,-0.000000,8882.471304
4017.365596,1072.533697,-0.000000,8882.471304
4017.365911,536.266849,-0.000000,8956.491898
4017.366226,76.609550,-370.102971,9622.677246
4017.366542,-76.609550,-222.061783,9548.656652
4017.366857,-306.438199,-666.185348,10066.800811
4017.367172,-383.047749,-518.144159,10288.862594
4017.367487,-689.485948,-370.102971,10362.883188
4017.367802,-995.924147,-222.061783,10214.842000
4017.368117,-919.314598,296.082377,10362.883188
4017.368432,-383.047749,444.123565,10066.800811
4017.368747,0.000000,740.205942,9474.636058
4017.369063,229.828649,370.102971,9696.697840
4017.369378,0.000000,814.226536,9474.636058
4017.369693,0.000000,148.041188,9844.739029
4017.370008,229.828649,-222.061783,9770.718434
4017.370323,153.219100,-370.102971,9548.656652
4017.370638,459.657299,-222.061783,10066.800811
4017.370953,612.876398,-740.205942,9696.697840
4017.371268,919.314598,-518.144159,9400.615463
4017.371583,1378.971896,-518.144159,9474.636058
4017.371899,1302.362347,-444.123565,8808.450710
4017.372214,1225.752797,-222.061783,8512.368333
4017.372529,1225.752797,-0.000000,8438.347739
4017.372844,995.924147,222.061783,8808.450710
4017.373159,536.266849,296.082377,9030.512492
4017.373474,0.000000,370.102971,9400.615463
4017.373789,0.000000,-0.000000,9252.574275
4017.374104,-383.047749,-0.000000,9622.677246
4017.374419,-995.924147,296.082377,10140.821405
4017.374735,-1149.143247,370.102971,10140.821405
4017.375050,-1149.143247,592.164754,10732.986159
4017.375365,-995.924147,666.185348,10066.800811
4017.375680,-919.314598,518.144159,10140.821405
4017.375995,-766.095498,814.226536,10214.842000
4017.376310,-383.047749,814.226536,10214.842000
4017.376625,0.000000,-0.000000,9474.636058
4017.376940,0.000000,148.041188,9918.759623
4017.377256,536.266849,222.061783,9474.636058
4017.377571,766.095498,-0.000000,9400.615463
4017.377886,612.876398,222.061783,9474.636058
4017.378201,766.095498,222.061783,9252.574275
4017.378516,842.705048,-0.000000,8808.450710
4017.378831,689.485948,-0.000000,9104.533087
4017.379146,383.047749,296.082377,8956.491898
4017.379461,306.438199,-0.000000,9252.574275
4017.379776,-612.876398,-0.000000,9474.636058
4017.380092,-995.924147,-74.020594,9178.553681
4017.380407,-995.924147,-0.000000,9918.759623
4017.380722,-842.705048,-0.000000,10288.862594
4017.381037,-842.705048,222.061783,10436.903782
4017.381352,-842.705048,666.185348,10214.842000
4017.381667,-689.485948,518.144159,9844.739029
4017.381982,-766.095498,888.247130,9844.739029
4017.382297,-536.266849,1036.288319,10140.821405
4017.382613,0.000000,814.226536,9844.739029
4017.382928,0.000000,592.164754,9622.677246
4017.383243,-229.828649,592.164754,9474.636058
4017.383558,76.609550,444.123565,10140.821405
4017.383873,383.047749,-0.000000,9770.718434
4017.384188,536.266849,-0.000000,9696.697840
4017.384503,1149.143247,-148.041188,9548.656652
4017.384818,995.924147,-0.000000,9178.553681
4017.385133,1302.362347,-0.000000,8882.471304
4017.385449,1302.362347,444.123565,9030.512492
4017.385764,1302.362347,148.041188,9104.533087
4017.386079,1302.362347,-0.000000,8438.347739
4017.386394,842.705048,148.041188,9326.594869
4017.386709,459.657299,518.144159,9178.553681
4017.387024,153.219100,296.082377,9622.677246
4017.387339,0.000000,296.082377,10066.800811
4017.387654,-383.047749,-0.000000,10140.821405
4017.387970,-383.047749,-0.000000,10214.842000
4017.388285,-766.095498,444.123565,9992.780217
4017.388600,-689.485948,222.061783,9918.759623
4017.388915,-383.047749,222.061783,9844.739029
4017.389230,-689.485948,296.082377,10214.842000
4017.389545,0.000000,592.164754,9622.677246
4017.389860,0.000000,-0.000000,9622.677246
4017.390175,383.047749,-0.000000,9844.739029
4017.390490,459.657299,-74.020594,9918.759623
4017.390806,766.095498,-74.020594,9474.636058
4017.391121,1302.362347,-296.082377,9474.636058
4017.391436,1225.752797,-518.144159,8956.491898
4017.391751,995.924147,-666.185348,9104.533087
4017.392066,1378.971896,-518.144159,9252.574275
4017.392381,1225.752797,-740.205942,8956.491898
4017.392696,1378.971896,-74.020594,8734.430116
4017.393011,612.876398,-148.041188,9104.533087
4017.393327,76.609550,-444.123565,9400.615463
4017.393642,0.000000,-666.185348,9104.533087
4017.393957,-459.657299,-666.185348,9326.594869
4017.394272,-612.876398,-592.164754,10066.800811
4017.394587,-612.876398,-444.123565,9992.780217
4017.394902,-919.314598,-0.000000,10140.821405
4017.395217,-766.095498,-0.000000,9770.718434
4017.395532,-766.095498,296.082377,9918.759623
4017.395847,-919.314598,444.123565,9548.656652
4017.396163,-689.485948,370.102971,9474.636058
4017.396478,-612.876398,222.061783,9992.780217
4017.396793,-229.828649,-148.041188,9474.636058
4017.397108,-306.438199,-222.061783,9844.739029
4017.397423,153.219100,-222.061783,9844.739029
4017.397738,153.219100,-370.102971,9770.718434
4017.398053,383.047749,-296.082377,9696.697840
4017.398368,689.485948,-518.144159,9326.594869
4017.398684,1149.143247,-444.123565,9178.553681
4017.398999,1378.971896,-74.020594,8660.409521
4017.399314,1149.143247,148.041188,8882.471304
4017.399629,842.705048,296.082377,8734.430116
4017.399944,306.438199,296.082377,9104.533087
4017.400259,0.000000,592.164754,9030.512492
4017.400574,0.000000,-0.000000,9474.636058
4017.400889,-229.828649,-74.020594,9918.759623
4017.401204,-459.657299,74.020594,10214.842000
4017.401520,-766.095498,296.082377,10510.924376
4017.401835,-1225.752797,370.102971,10732.986159
4017.402150,-766.095498,592.164754,10214.842000
4017.402465,-689.485948,518.144159,10214.842000
4017.402780,-383.047749,814.226536,10214.842000
4017.403095,0.000000,592.164754,9918.759623
4017.403410,229.828649,1184.329507,10066.800811
4017.403725,459.657299,666.185348,10066.800811
4017.404040,995.924147,444.123565,9844.739029
4017.404356,1225.752797,222.061783,9400.615463
4017.404671,1225.752797,222.061783,9030.512492
4017.404986,1225.752797,148.041188,9622.677246
4017.405301,1378.971896,-0.000000,9178.553681
4017.405616,1378.971896,-0.000000,8956.491898
4017.405931,1149.143247,-0.000000,8808.450710
4017.406246,536.266849,222.061783,9178.553681
4017.406561,229.828649,296.082377,9548.656652
4017.406877,-229.828649,222.061783,9622.677246
4017.407192,-229.828649,-0.000000,10066.800811
4017.407507,-459.657299,-0.000000,10288.862594
4017.407822,-612.876398,370.102971,10214.842000
4017.408137,-612.876398,814.226536,10214.842000
4017.408452,-689.485948,888.247130,10288.862594
4017.408767,-842.705048,1184.329507,10214.842000
4017.409082,-153.219100,1110.308913,9844.739029
4017.409397,0.000000,1480.411884,9696.697840
4017.409713,-383.047749,1184.329507,9696.697840
4017.410028,-306.438199,962.267725,9918.759623
4017.410343,-229.828649,222.061783,9844.739029
4017.410658,76.609550,-0.000000,9918.759623
4017.410973,153.219100,-74.020594,9992.780217
4017.411288,229.828649,-0.000000,9622.677246
4017.411603,306.438199,-296.082377,9400.615463
4017.411918,536.266849,-74.020594,9178.553681
4017.412234,1149.143247,-74.020594,9104.533087
4017.412549,1532.190996,-0.000000,8808.450710
4017.412864,995.924147,-0.000000,8512.368333
4017.413179,919.314598,444.123565,8512.368333
4017.413494,459.657299,444.123565,8956.491898
4017.413809,-306.438199,592.164754,9178.553681
4017.414124,0.000000,-0.000000,9400.615463
4017.414439,-383.047749,-0.000000,10066.800811
4017.414754,-995.924147,-0.000000,10140.821405
4017.415070,-1455.581446,-0.000000,10066.800811
4017.415385,-1455.581446,-0.000000,9696.697840
4017.415700,-1532.190996,-148.041188,10214.842000
4017.416015,-1225.752797,-74.020594,10362.883188
4017.416330,-919.314598,296.082377,10288.862594
4017.416645,-1149.143247,-148.041188,9992.780217
4017.416960,-459.657299,-0.000000,9770.718434
4017.417275,0.000000,-0.000000,9696.697840
4017.417591,612.876398,148.041188,9992.780217
4017.417906,612.876398,-74.020594,9474.636058
4017.418221,919.314598,-296.082377,9104.533087
4017.418536,1455.581446,-0.000000,8660.409521
4017.418851,1225.752797,-222.061783,8734.430116
4017.419166,1225.752797,-0.000000,8808.450710
4017.419481,766.095498,-0.000000,8956.491898
4017.419796,383.047749,-740.205942,9104.533087
4017.420111,0.000000,-296.082377,9622.677246
4017.420427,-842.705048,-222.061783,9844.739029
4017.420742,-306.438199,-444.123565,9474.636058
4017.421057,-995.924147,-592.164754,9918.759623
4017.421372,-536.266849,-148.041188,10510.924376
4017.421687,-842.705048,148.041188,10140.821405
4017.422002,-842.705048,888.247130,9844.739029
4017.422317,-306.438199,888.247130,9770.718434
4017.422632,0.000000,1258.350101,9622.677246
4017.422948,153.219100,1036.288319,9622.677246
4017.423263,153.219100,888.247130,9622.677246
4017.423578,153.219100,592.164754,9474.636058
4017.423893,76.609550,370.102971,9474.636058
4017.424208,459.657299,-222.061783,9844.739029
4017.424523,229.828649,-370.102971,9844.739029
4017.424838,766.095498,-666.185348,9992.780217
4017.425153,1072.533697,-370.102971,9622.677246
4017.425468,1302.362347,-370.102971,9400.615463
4017.425784,1225.752797,-0.000000,9548.656652
4017.426099,1838.629195,-0.000000,8586.388927
4017.426414,1685.410096,444.123565,8660.409521
4017.426729,1378.971896,444.123565,8956.491898
4017.427044,919.314598,296.082377,9474.636058
4017.427359,306.438199,370.102971,9400.615463
4017.427674,229.828649,222.061783,9696.697840
4017.427989,-229.828649,-0.000000,10214.842000
4017.428305,-995.924147,-0.000000,10436.903782
4017.428620,-1072.533697,-0.000000,10584.944971
4017.428935,-1072.533697,-0.000000,10436.903782
4017.429250,-995.924147,444.123565,10288.862594
4017.429565,-766.095498,370.102971,10066.800811
4017.429880,0.000000,518.144159,9844.739029
4017.430195,306.438199,370.102971,9696.697840
4017.430510,0.000000,296.082377,9400.615463
4017.430825,536.266849,-0.000000,9178.553681
4017.431141,842.705048,-0.000000,9400.615463
4017.431456,1072.533697,-0.000000,9400.615463
4017.431771,1072.533697,-148.041188,9030.512492
4017.432086,919.314598,-0.000000,9104.533087
4017.432401,1149.143247,-296.082377,8808.450710
4017.432716,612.876398,-0.000000,8808.450710
4017.433031,689.485948,-296.082377,8808.450710
4017.433346,612.876398,-74.020594,9474.636058
4017.433661,0.000000,148.041188,9770.718434
4017.433977,-383.047749,-0.000000,9326.594869
4017.434292,-766.095498,222.061783,9696.697840
4017.434607,-612.876398,296.082377,9992.780217
4017.434922,-689.485948,370.102971,9770.718434
4017.435237,-766.095498,666.185348,9844.739029
4017.435552,-766.095498,888.247130,9696.697840
4017.435867,-766.095498,1036.288319,9770.718434
4017.436182,-459.657299,740.205942,9622.677246
4017.436498,-536.266849,814.226536,9918.759623
4017.436813,-459.657299,814.226536,9696.697840
4017.437128,-689.485948,-0.000000,9548.656652
4017.437443,-536.266849,-74.020594,9918.759623
4017.437758,0.000000,-148.041188,10436.903782
4017.438073,153.219100,-518.144159,9992.780217
4017.438388,306.438199,-518.144159,9770.718434
4017.438703,612.876398,-296.082377,9400.615463
4017.439018,842.705048,-0.000000,9178.553681
4017.439334,1072.533697,-0.000000,9030.512492
4017.439649,1378.971896,296.082377,8364.327145
4017.439964,919.314598,296.082377,8956.491898
4017.440279,766.095498,740.205942,8586.388927
4017.440594,153.219100,296.082377,9400.615463
4017.440909,0.000000,-370.102971,9992.780217
4017.441224,-536.266849,-296.082377,9770.718434
4017.441539,-383.047749,-370.102971,10288.862594
4017.441854,-919.314598,-74.020594,10362.883188
4017.442169,-1072.533697,222.061783,10807.006753
4017.442485,-919.314598,-0.000000,9918.759623
4017.442800,-459.657299,296.082377,9918.759623
4017.443115,-459.657299,814.226536,9992.780217
4017.443430,-306.438199,592.164754,9696.697840
4017.443745,153.219100,592.164754,9696.697840
4017.444060,612.876398,-0.000000,9770.718434
4017.444375,1072.533697,518.144159,9844.739029
4017.444690,1072.533697,-0.000000,9326.594869
4017.445005,1302.362347,222.061783,9474.636058
4017.445320,1455.581446,74.020594,9474.636058
4017.445635,1072.533697,-0.000000,9030.512492
4017.445950,1302.362347,-296.082377,8734.430116
4017.446266,919.314598,-0.000000,8808.450710
4017.446581,842.705048,-0.000000,9030.512492
4017.446896,536.266849,-0.000000,9326.594869
4017.447211,229.828649,-444.123565,9548.656652
4017.447526,-229.828649,-74.020594,9844.739029
4017.447841,-306.438199,-296.082377,9548.656652
4017.448156,-459.657299,-0.000000,9770.718434
4017.448471,0.000000,222.061783,10288.862594
4017.448786,-766.095498,518.144159,9992.780217
4017.449101,-842.705048,444.123565,9992.780217
4017.449416,-383.047749,592.164754,9622.677246
4017.449731,-229.828649,666.185348,9696.697840
4017.450046,-383.047749,592.164754,9622.677246
4017.450362,-306.438199,296.082377,9844.739029
4017.450677,-306.438199,-0.000000,9770.718434
4017.450992,-459.657299,-296.082377,9918.759623
4017.451307,0.000000,-444.123565,9844.739029
4017.451622,-229.828649,-740.205942,10066.800811
4017.451937,842.705048,-1110.308913,9770.718434
4017.452252,536.266849,-444.123565,9400.615463
4017.452567,995.924147,-296.082377,8956.491898
4017.452882,1532.190996,-74.020594,9030.512492
4017.453197,1225.752797,148.041188,8512.368333
4017.453512,766.095498,148.041188,8438.347739
4017.453827,306.438199,296.082377,9178.553681
4017.454143,0.000000,222.061783,9104.533087
4017.454458,-459.657299,-0.000000,9548.656652
4017.454773,-383.047749,-0.000000,9844.739029
4017.455088,-766.095498,-222.061783,10362.883188
4017.455403,-1149.143247,-74.020594,10362.883188
4017.455718,-1302.362347,222.061783,10214.842000
4017.456033,-1072.533697,296.082377,10362.883188
4017.456348,0.000000,666.185348,10214.842000
4017.456663,-459.657299,740.205942,9844.739029
4017.456978,0.000000,592.164754,9474.636058
4017.457293,-229.828649,888.247130,9696.697840
4017.457608,459.657299,518.144159,9696.697840
4017.457924,1225.752797,518.144159,9770.718434
4017.458239,1072.533697,444.123565,9622.677246
4017.458554,995.924147,222.061783,9326.594869
4017.458869,1072.533697,222.061783,9030.512492
4017.459184,1302.362347,-0.000000,8956.491898
4017.459499,1225.752797,-148.041188,9030.512492
4017.459814,1149.143247,-0.000000,8882.471304
4017.460129,459.657299,-0.000000,9400.615463
4017.460444,383.047749,-0.000000,9696.697840
4017.460759,-383.047749,-0.000000,9252.574275
4017.461074,-306.438199,-222.061783,9622.677246
4017.461389,-612.876398,-222.061783,10214.842000
4017.461704,-536.266849,-0.000000,10436.903782
4017.462020,-689.485948,370.102971,10214.842000
4017.462335,-383.047749,814.226536,9918.759623
4017.462650,-459.657299,666.185348,9992.780217
4017.462965,-383.047749,962.267725,9474.636058
4017.463280,-229.828649,814.226536,9770.718434
4017.463595,-306.438199,370.102971,9918.759623
4017.463910,-229.828649,-296.082377,9918.759623
4017.464225,-459.657299,-74.020594,9696.697840
4017.464540,0.000000,-444.123565,9992.780217
4017.464855,306.438199,-370.102971,10066.800811
4017.465170,459.657299,-740.205942,9844.739029
4017.465485,1149.143247,-740.205942,9696.697840
4017.465801,1225.752797,-444.123565,9178.553681
4017.466116,1532.190996,-0.000000,8808.450710
4017.466431,1762.019645,222.061783,8438.347739
4017.466746,1455.581446,518.144159,8660.409521
4017.467061,1378.971896,444.123565,8734.430116
4017.467376,842.705048,444.123565,8808.450710
4017.467691,153.219100,296.082377,8956.491898
4017.468006,-153.219100,-0.000000,9844.739029
4017.468321,-306.438199,-74.020594,10066.800811
4017.468636,-536.266849,-148.041188,10510.924376
4017.468951,-1072.533697,-0.000000,10510.924376
4017.469266,-1532.190996,-0.000000,10362.883188
4017.469582,-1072.533697,592.164754,10288.862594
4017.469897,-459.657299,444.123565,10140.821405
4017.470212,-689.485948,592.164754,10214.842000
4017.470527,-383.047749,814.226536,9992.780217
4017.470842,0.000000,666.185348,9474.636058
4017.471157,459.657299,296.082377,10140.821405
4017.471472,842.705048,-296.082377,9622.677246
4017.471787,842.705048,-0.000000,9474.636058
4017.472102,919.314598,-0.000000,9474.636058
4017.472417,919.314598,-296.082377,9326.594869
4017.472732,1149.143247,-148.041188,8956.491898
4017.473047,1149.143247,-444.123565,8586.388927
4017.473362,459.657299,-592.164754,8956.491898
4017.473678,0.000000,-592.164754,9178.553681
4017.473993,0.000000,-444.123565,9326.594869
4017.474308,-612.876398,-740.205942,9400.615463
4017.474623,-612.876398,-666.185348,9844.739029
4017.474938,-612.876398,-222.061783,9696.697840
4017.475253,-459.657299,-0.000000,9844.739029
4017.475568,-459.657299,444.123565,9918.759623
4017.475883,-689.485948,370.102971,9918.759623
4017.476198,-306.438199,814.226536,9770.718434
4017.476513,0.000000,962.267725,9622.677246
4017.476828,0.000000,888.247130,9622.677246
4017.477143,153.219100,518.144159,9474.636058
4017.477459,0.000000,-0.000000,9918.759623
4017.477774,-153.219100,-222.061783,9992.780217
4017.478089,153.219100,-148.041188,10214.842000
4017.478404,459.657299,-444.123565,9474.636058
4017.478719,459.657299,-518.144159,9622.677246
4017.479034,919.314598,-444.123565,9252.574275
4017.479349,842.705048,-74.020594,9326.594869
4017.479664,1225.752797,-0.000000,8808.450710
4017.479979,1685.410096,444.123565,8512.368333
4017.480294,1302.362347,740.205942,8512.368333
4017.480609,919.314598,444.123565,8808.450710
4017.480924,229.828649,592.164754,9622.677246
4017.481239,76.609550,666.185348,9400.615463
4017.481555,-229.828649,296.082377,9622.677246
4017.481870,-459.657299,370.102971,10066.800811
4017.482185,-1072.533697,444.123565,10214.842000
4017.482500,-1378.971896,370.102971,10510.924376
4017.482815,-1225.752797,222.061783,10140.821405
4017.483130,-995.924147,222.061783,10362.883188
4017.483445,-766.095498,592.164754,10288.862594
4017.483760,-689.485948,592.164754,9770.718434
4017.484075,-76.609550,666.185348,9622.677246
4017.484390,0.000000,444.123565,9696.697840
4017.484705,383.047749,518.144159,9474.636058
4017.485020,995.924147,148.041188,9252.574275
4017.485336,1225.752797,-0.000000,9178.553681
4017.485651,1302.362347,148.041188,9252.574275
4017.485966,1149.143247,-0.000000,8734.430116
4017.486281,919.314598,-222.061783,8882.471304
4017.486596,1225.752797,-0.000000,9030.512492
4017.486911,689.485948,-296.082377,9104.533087
4017.487226,383.047749,-74.020594,9252.574275
4017.487541,-76.609550,-148.041188,9548.656652
4017.487856,-229.828649,-74.020594,9548.656652
4017.488171,-383.047749,-370.102971,9844.739029
4017.488486,-459.657299,-74.020594,10140.821405
4017.488801,-536.266849,222.061783,10066.800811
4017.489117,-612.876398,296.082377,9992.780217
4017.489432,-689.485948,888.247130,9992.780217
4017.489747,-536.266849,888.247130,10140.821405
4017.490062,0.000000,814.226536,9992.780217
4017.490377,-459.657299,888.247130,9622.677246
4017.490692,-536.266849,666.185348,9696.697840
4017.491007,-306.438199,666.185348,9622.677246
4017.491322,0.000000,-148.041188,9622.677246
4017.491637,153.219100,-296.082377,10066.800811
4017.491952,0.000000,-222.061783,9992.780217
4017.492267,153.219100,-296.082377,9770.718434
4017.492582,536.266849,-370.102971,9474.636058
4017.492897,919.314598,-222.061783,9030.512492
4017.493213,1225.752797,-74.020594,9030.512492
4017.493528,919.314598,-74.020594,8660.409521
4017.493843,1225.752797,-0.000000,8586.388927
4017.494158,766.095498,-0.000000,9030.512492
4017.494473,229.828649,-0.000000,9400.615463
4017.494788,0.000000,-148.041188,9474.636058
4017.495103,-383.047749,-444.123565,9696.697840
4017.495418,-689.485948,-444.123565,9844.739029
4017.495733,-383.047749,-444.123565,9992.780217
4017.496048,-1378.971896,-0.000000,10584.944971
4017.496363,-842.705048,-74.020594,10066.800811
4017.496678,-842.705048,222.061783,9696.697840
4017.496994,-459.657299,444.123565,9696.697840
4017.497309,0.000000,296.082377,9696.697840
4017.497624,76.609550,370.102971,9474.636058
4017.497939,536.266849,-0.000000,9474.636058
4017.498254,842.705048,-0.000000,9622.677246
4017.498569,1302.362347,-74.020594,9622.677246
4017.498884,1149.143247,-518.144159,9326.594869
4017.499199,1072.533697,-444.123565,9474.636058
4017.499514,1455.581446,-222.061783,8956.491898
4017.499829,1225.752797,-296.082377,8586.388927
4017.500144,1608.800546,-0.000000,8808.450710
4017.500459,1302.362347,-74.020594,9178.553681
4017.500775,766.095498,-0.000000,9030.512492
4017.501090,383.047749,-74.020594,9030.512492
4017.501405,0.000000,-0.000000,9474.636058
4017.501720,-306.438199,-0.000000,9918.759623
4017.502035,-383.047749,-222.061783,10214.842000
4017.502350,-842.705048,148.041188,10214.842000
4017.502665,-766.095498,592.164754,10214.842000
4017.502980,-995.924147,444.123565,9992.780217
4017.503295,-459.657299,1036.288319,9696.697840
4017.503610,-842.705048,1184.329507,10362.883188
4017.503925,-383.047749,888.247130,10362.883188
4017.504240,-689.485948,814.226536,9992.780217
4017.504555,-459.657299,444.123565,9474.636058
4017.504871,0.000000,-0.000000,10288.862594
4017.505186,-229.828649,-0.000000,10066.800811
4017.505501,76.609550,-222.061783,9918.759623
4017.505816,536.266849,-296.082377,9770.718434
4017.506131,919.314598,-444.123565,9178.553681
4017.506446,1302.362347,-444.123565,8734.430116
4017.506761,1302.362347,-74.020594,8512.368333
4017.507076,1072.533697,222.061783,8586.388927
4017.507391,689.485948,370.102971,8438.347739
4017.507706,306.438199,296.082377,8586.388927
4017.508021,0.000000,296.082377,9030.512492
4017.508336,0.000000,-0.000000,9326.594869
4017.508652,-536.266849,-74.020594,9844.739029
4017.508967,-995.924147,370.102971,10362.883188
4017.509282,-1072.533697,222.061783,10510.924376
4017.509597,-1455.581446,222.061783,10288.862594
4017.509912,-995.924147,592.164754,10288.862594
4017.510227,-842.705048,1258.350101,10436.903782
4017.510542,-306.438199,888.247130,9622.677246
4017.510857,0.000000,888.247130,9770.718434
4017.511172,306.438199,962.267725,10214.842000
4017.511487,383.047749,518.144159,9844.739029
4017.511802,1072.533697,222.061783,9474.636058
4017.512117,995.924147,-0.000000,9474.636058
4017.512432,1455.581446,-0.000000,9622.677246
4017.512748,1302.362347,-0.000000,9474.636058
4017.513063,1685.410096,-0.000000,9178.553681
4017.513378,842.705048,-0.000000,8808.450710
4017.513693,1302.362347,-0.000000,8882.471304
4017.514008,842.705048,-0.000000,9178.553681
4017.514323,536.266849,296.082377,9474.636058
4017.514638,0.000000,-0.000000,9992.780217
4017.514953,-383.047749,-0.000000,10066.800811
4017.515268,-306.438199,-0.000000,9622.677246
4017.515583,-306.438199,444.123565,9844.739029
4017.515898,-689.485948,740.205942,10214.842000
4017.516213,-995.924147,740.205942,10066.800811
4017.516529,-1225.752797,444.123565,9918.759623
4017.516844,-689.485948,814.226536,9474.636058
4017.517159,-383.047749,740.205942,9622.677246
4017.517474,-229.828649,518.144159,9622.677246
4017.517789,0.000000,-0.000000,9918.759623
4017.518104,-229.828649,-74.020594,9696.697840
4017.518419,0.000000,-296.082377,9770.718434
4017.518734,229.828649,-74.020594,9474.636058
4017.519049,306.438199,-592.164754,9474.636058
4017.519364,612.876398,-592.164754,9400.615463
4017.519679,689.485948,-296.082377,9104.533087
4017.519994,1149.143247,-444.123565,8808.450710
4017.520310,1532.190996,-0.000000,8364.327145
4017.520625,1072.533697,148.041188,8808.450710
4017.520940,1072.533697,-0.000000,8956.491898
4017.521255,459.657299,-0.000000,9104.533087
4017.521570,0.000000,-74.020594,9400.615463
4017.521885,-76.609550,-222.061783,9622.677246
4017.522200,0.000000,-148.041188,10140.821405
4017.522515,-689.485948,-74.020594,10362.883188
4017.522830,-842.705048,-0.000000,9918.759623
4017.523145,-1072.533697,148.041188,9992.780217
4017.523460,-842.705048,370.102971,10066.800811
4017.523775,-536.266849,518.144159,10140.821405
4017.524090,-536.266849,740.205942,9918.759623
4017.524406,0.000000,518.144159,9474.636058
4017.524721,-383.047749,370.102971,9918.759623
4017.525036,0.000000,-0.000000,9992.780217
4017.525351,306.438199,-296.082377,9844.739029
4017.525666,459.657299,-370.102971,9918.759623
4017.525981,612.876398,-0.000000,9548.656652
4017.526296,1149.143247,-148.041188,9178.553681
4017.526611,1072.533697,-0.000000,9104.533087
4017.526926,995.924147,-222.061783,8956.491898
4017.527241,1149.143247,-0.000000,9104.533087
4017.527556,919.314598,222.061783,9030.512492
4017.527871,306.438199,-74.020594,9030.512492
4017.528187,0.000000,-0.000000,9326.594869
4017.528502,-229.828649,-222.061783,9548.656652
4017.528817,-229.828649,-296.082377,9844.739029
4017.529132,-536.266849,-0.000000,9918.759623
4017.529447,-459.657299,-0.000000,9770.718434
4017.529762,-919.314598,370.102971,10066.800811
4017.530077,0.000000,-0.000000,9844.739029
4017.530392,-229.828649,592.164754,10066.800811
4017.530707,-536.266849,444.123565,9992.780217
4017.531022,-306.438199,518.144159,9992.780217
4017.531337,0.000000,518.144159,9474.636058
4017.531652,306.438199,-0.000000,9770.718434
4017.531968,229.828649,-222.061783,9696.697840
4017.532283,536.266849,-148.041188,9474.636058
4017.532598,842.705048,-74.020594,9474.636058
4017.532913,1225.752797,-296.082377,9474.636058
4017.533228,1302.362347,-0.000000,9548.656652
4017.533543,1149.143247,-74.020594,9104.533087
4017.533858,1455.581446,-0.000000,8660.409521
4017.534173,1149.143247,148.041188,8956.491898
4017.534488,919.314598,-0.000000,9474.636058
4017.534803,689.485948,-370.102971,9400.615463
4017.535118,0.000000,148.041188,9696.697840
4017.535433,76.609550,148.041188,9770.718434
4017.535748,-306.438199,222.061783,10288.862594
4017.536064,0.000000,-0.000000,9992.780217
4017.536379,-995.924147,148.041188,10214.842000
4017.536694,-919.314598,592.164754,9548.656652
4017.537009,-1149.143247,370.102971,9770.718434
4017.537324,-766.095498,814.226536,9844.739029
4017.537639,-689.485948,814.226536,9918.759623
4017.537954,-612.876398,444.123565,9844.739029
4017.538269,-383.047749,370.102971,9992.780217
4017.538584,153.219100,-74.020594,9992.780217
4017.538899,229.828649,148.041188,9696.697840
4017.539214,842.705048,-370.102971,9400.615463
4017.539529,306.438199,-148.041188,9326.594869
4017.539845,919.314598,-0.000000,8882.471304
4017.540160,919.314598,148.041188,8660.409521
4017.540475,842.705048,-0.000000,8734.430116
4017.540790,689.485948,-74.020594,8290.306550
4017.541105,383.047749,148.041188,8956.491898
4017.541420,0.000000,-222.061783,9178.553681
4017.541735,-229.828649,-74.020594,9474.636058
4017.542050,0.000000,-222.061783,9918.759623
4017.542365,-536.266849,-74.020594,9548.656652
4017.542680,-995.924147,-222.061783,9696.697840
4017.542995,-1378.971896,222.061783,9918.759623
4017.543310,-1149.143247,814.226536,9992.780217
4017.543626,-612.876398,666.185348,9992.780217
4017.543941,-536.266849,888.247130,9918.759623
4017.544256,-383.047749,666.185348,9992.780217
4017.544571,-229.828649,666.185348,9770.718434
4017.544886,0.000000,518.144159,9992.780217
4017.545201,76.609550,-74.020594,10288.862594
4017.545516,306.438199,-222.061783,10584.944971
4017.545831,995.924147,-0.000000,10288.862594
4017.546146,842.705048,-148.041188,9696.697840
4017.546461,1225.752797,-0.000000,9622.677246
4017.546776,1302.362347,-148.041188,9178.553681
4017.547092,1762.019645,-148.041188,8660.409521
4017.547407,1149.143247,-0.000000,8882.471304
4017.547722,1149.143247,-0.000000,8956.491898
4017.548037,536.266849,-0.000000,9030.512492
4017.548352,153.219100,222.061783,9326.594869
4017.548667,0.000000,-296.082377,9622.677246
4017.548982,-306.438199,-296.082377,9696.697840
4017.549297,-536.266849,-0.000000,10214.842000
4017.549612,-459.657299,-0.000000,9992.780217
4017.549927,-766.095498,296.082377,10288.862594
4017.550242,-536.266849,740.205942,9696.697840
4017.550558,-229.828649,814.226536,9770.718434
4017.550873,-383.047749,814.226536,9696.697840
4017.551188,-306.438199,666.185348,9622.677246
4017.551503,0.000000,740.205942,9844.739029
4017.551818,0.000000,148.041188,9474.636058
4017.552133,229.828649,-222.061783,9474.636058
4017.552448,536.266849,-518.144159,9326.594869
4017.552763,306.438199,-518.144159,9622.677246
4017.553078,842.705048,-666.185348,9178.553681
4017.553393,919.314598,-592.164754,8734.430116
4017.553708,1225.752797,-296.082377,8660.409521
4017.554024,995.924147,-0.000000,8586.388927
4017.554339,1072.533697,222.061783,8734.430116
4017.554654,612.876398,222.061783,9104.533087
4017.554969,0.000000,296.082377,9474.636058
4017.555284,-459.657299,-0.000000,9326.594869
4017.555599,-536.266849,-74.020594,9474.636058
4017.555914,-689.485948,-0.000000,10288.862594
4017.556229,-1149.143247,370.102971,10881.027347
4017.556544,-1378.971896,518.144159,10362.883188
4017.556859,-1608.800546,444.123565,10584.944971
4017.557174,-1149.143247,666.185348,10436.903782
4017.557489,-1378.971896,740.205942,10214.842000
4017.557805,-1149.143247,444.123565,10214.842000
4017.558120,-995.924147,518.144159,10140.821405
4017.558435,-459.657299,-0.000000,9770.718434
4017.558750,-229.828649,-148.041188,10066.800811
4017.559065,1072.533697,-0.000000,9548.656652
4017.559380,153.219100,-222.061783,9622.677246
4017.559695,1149.143247,-0.000000,9252.574275
4017.560010,995.924147,-0.000000,9178.553681
4017.560325,1378.971896,-74.020594,9030.512492
4017.560640,1685.410096,-0.000000,9178.553681
4017.560955,919.314598,-0.000000,8364.327145
4017.561271,919.314598,-74.020594,8882.471304
4017.561586,229.828649,-0.000000,9030.512492
4017.561901,0.000000,-148.041188,9474.636058
4017.562216,0.000000,-0.000000,9918.759623
4017.562531,-306.438199,-296.082377,9696.697840
4017.562846,-459.657299,-74.020594,9844.739029
4017.563161,-766.095498,222.061783,9696.697840
4017.563476,-842.705048,370.102971,10510.924376
4017.563791,-383.047749,296.082377,9770.718434
4017.564106,0.000000,740.205942,9622.677246
4017.564421,0.000000,962.267725,9474.636058
4017.564737,306.438199,666.185348,9474.636058
4017.565052,383.047749,740.205942,9622.677246
4017.565367,842.705048,444.123565,9770.718434
4017.565682,1072.533697,-0.000000,9474.636058
4017.565997,1149.143247,-148.041188,9474.636058
4017.566312,1149.143247,-148.041188,9474.636058
4017.566627,1225.752797,-222.061783,9474.636058
4017.566942,1072.533697,-296.082377,9400.615463
4017.567257,1149.143247,-296.082377,9104.533087
4017.567572,1225.752797,-370.102971,8808.450710
4017.567887,689.485948,-0.000000,9104.533087
4017.568203,919.314598,-0.000000,9474.636058
4017.568518,306.438199,-222.061783,9696.697840
4017.568833,0.000000,-0.000000,10066.800811
4017.569148,-306.438199,-0.000000,9474.636058
4017.569463,-536.266849,-0.000000,10214.842000
4017.569778,-536.266849,296.082377,10066.800811
4017.570093,-1302.362347,222.061783,10140.821405
4017.570408,-1225.752797,-0.000000,10288.862594
4017.570723,-919.314598,444.123565,9844.739029
4017.571038,-842.705048,222.061783,9992.780217
4017.571353,-842.705048,-0.000000,9918.759623
4017.571669,-995.924147,-0.000000,9918.759623
4017.571984,-766.095498,-222.061783,9770.718434
4017.572299,-459.657299,-296.082377,9770.718434
4017.572614,0.000000,-518.144159,9696.697840
4017.572929,383.047749,-518.144159,9696.697840
4017.573244,459.657299,-370.102971,9326.594869
4017.573559,919.314598,-74.020594,8808.450710
4017.573874,1072.533697,222.061783,8216.285956
4017.574189,1225.752797,148.041188,8660.409521
4017.574504,1302.362347,222.061783,9030.512492
4017.574819,536.266849,-0.000000,8808.450710
4017.575135,0.000000,222.061783,9252.574275
4017.575450,0.000000,-0.000000,9178.553681
4017.575765,-306.438199,-74.020594,10140.821405
4017.576080,-536.266849,-296.082377,10066.800811
4017.576395,-995.924147,-0.000000,10214.842000
4017.576710,-995.924147,370.102971,9918.759623
4017.577025,-1149.143247,592.164754,9770.718434
4017.577340,-153.219100,666.185348,10066.800811
4017.577655,-229.828649,1036.288319,10288.862594
4017.577970,-153.219100,962.267725,9548.656652
4017.578285,0.000000,814.226536,9622.677246
4017.578600,383.047749,888.247130,9770.718434
4017.578916,919.314598,518.144159,9696.697840
4017.579231,689.485948,296.082377,10140.821405
4017.579546,842.705048,296.082377,9696.697840
4017.579861,1225.752797,-0.000000,9548.656652
4017.580176,1149.143247,-0.000000,9622.677246
4017.580491,1532.190996,-296.082377,9030.512492
4017.580806,995.924147,-370.102971,9178.553681
4017.581121,1072.533697,-0.000000,9252.574275
4017.581436,689.485948,222.061783,9104.533087
4017.581751,383.047749,-148.041188,9400.615463
4017.582066,306.438199,222.061783,9696.697840
4017.582382,0.000000,296.082377,9696.697840
4017.582697,-306.438199,444.123565,9622.677246
4017.583012,-306.438199,666.185348,9844.739029
4017.583327,-536.266849,370.102971,9918.759623
4017.583642,0.000000,666.185348,10066.800811
4017.583957,-536.266849,888.247130,9918.759623
4017.584272,-229.828649,814.226536,9696.697840
4017.584587,-306.438199,962.267725,9696.697840
4017.584902,-306.438199,370.102971,9770.718434
4017.585217,-536.266849,-0.000000,10066.800811
4017.585532,-229.828649,148.041188,9844.739029
4017.585848,0.000000,-74.020594,9622.677246
4017.586163,306.438199,-222.061783,9400.615463
4017.586478,919.314598,-296.082377,9844.739029
4017.586793,1072.533697,-0.000000,9400.615463
4017.587108,995.924147,-222.061783,8734.430116
4017.587423,1302.362347,-0.000000,8290.306550
4017.587738,1149.143247,592.164754,8734.430116
4017.588053,995.924147,666.185348,8660.409521
4017.588368,229.828649,-0.000000,9178.553681
4017.588683,-153.219100,222.061783,9252.574275
4017.588998,-383.047749,-0.000000,9474.636058
4017.589314,-842.705048,-296.082377,9844.739029
4017.589629,-766.095498,-0.000000,10436.903782
4017.589944,-995.924147,-148.041188,10436.903782
4017.590259,-1149.143247,148.041188,10140.821405
4017.590574,-1149.143247,370.102971,10288.862594
4017.590889,-459.657299,370.102971,10584.944971
4017.591204,-689.485948,740.205942,9918.759623
4017.591519,-306.438199,740.205942,9696.697840
4017.591834,-459.657299,592.164754,9844.739029
4017.592149,0.000000,-0.000000,9696.697840
4017.592464,0.000000,-666.185348,9918.759623
4017.592780,459.657299,-296.082377,9696.697840
4017.593095,612.876398,-296.082377,9844.739029
4017.593410,842.705048,-444.123565,9030.512492
4017.593725,1072.533697,-296.082377,9178.553681
4017.594040,1225.752797,-148.041188,9252.574275
4017.594355,1532.190996,-296.082377,8586.388927
4017.594670,1149.143247,-148.041188,8586.388927
4017.594985,459.657299,-0.000000,8660.409521
4017.595300,306.438199,-148.041188,9178.553681
4017.595615,0.000000,-148.041188,9252.574275
4017.595930,0.000000,-518.144159,9770.718434
4017.596246,-383.047749,-148.041188,10140.821405
4017.596561,-689.485948,-0.000000,10140.821405
4017.596876,-612.876398,296.082377,9992.780217
4017.597191,-536.266849,592.164754,10214.842000
4017.597506,0.000000,740.205942,9844.739029
4017.597821,0.000000,592.164754,9474.636058
4017.598136,0.000000,888.247130,9548.656652
4017.598451,229.828649,592.164754,9696.697840
4017.598766,459.657299,370.102971,9918.759623
4017.599081,383.047749,-0.000000,9844.739029
4017.599396,919.314598,-0.000000,9696.697840
4017.599711,689.485948,-370.102971,9548.656652
4017.600027,995.924147,-148.041188,9548.656652
4017.600342,383.047749,-222.061783,9474.636058
4017.600657,1378.971896,-296.082377,9992.780217
4017.600972,1302.362347,-74.020594,8956.491898
4017.601287,1455.581446,-0.000000,8512.368333
4017.601602,1149.143247,296.082377,9326.594869
4017.601917,459.657299,296.082377,9178.553681
4017.602232,0.000000,222.061783,9400.615463
4017.602547,-383.047749,-0.000000,9696.697840
4017.602862,-306.438199,-0.000000,9770.718434
4017.603177,-536.266849,-0.000000,9696.697840
4017.603493,-766.095498,148.041188,9992.780217
4017.603808,-842.705048,-0.000000,10510.924376
4017.604123,-1072.533697,370.102971,9992.780217
4017.604438,-919.314598,666.185348,9918.759623
4017.604753,-1149.143247,592.164754,9844.739029
4017.605068,-766.095498,222.061783,9696.697840
4017.605383,-383.047749,-0.000000,9844.739029
4017.605698,-459.657299,-0.000000,9770.718434
4017.606013,0.000000,-222.061783,10140.821405
4017.606328,153.219100,-444.123565,9992.780217
4017.606643,459.657299,-222.061783,9770.718434
4017.606959,995.924147,-0.000000,9400.615463
4017.607274,919.314598,-0.000000,8808.450710
4017.607589,1378.971896,370.102971,8586.388927
4017.607904,1532.190996,370.102971,8734.430116
4017.608219,995.924147,222.061783,8956.491898
4017.608534,0.000000,-0.000000,9178.553681
4017.608849,-229.828649,296.082377,9104.533087
4017.609164,-766.095498,-148.041188,9548.656652
4017.609479,-689.485948,-370.102971,10066.800811
4017.609794,-383.047749,-296.082377,10288.862594
4017.610109,-995.924147,-0.000000,10732.986159
4017.610425,-1302.362347,370.102971,10362.883188
4017.610740,-842.705048,740.205942,9918.759623
4017.611055,-536.266849,1184.329507,9696.697840
4017.611370,0.000000,740.205942,10140.821405
4017.611685,0.000000,888.247130,9474.636058
4017.612000,76.609550,888.247130,9474.636058
4017.612315,306.438199,518.144159,9474.636058
4017.612630,919.314598,222.061783,9770.718434
4017.612945,995.924147,518.144159,9992.780217
4017.613260,766.095498,-74.020594,9548.656652
4017.613575,842.705048,-370.102971,9400.615463
4017.613891,995.924147,-222.061783,9252.574275
4017.614206,689.485948,-444.123565,8586.388927
4017.614521,1378.971896,-148.041188,8956.491898
4017.614836,1072.533697,-0.000000,9030.512492
4017.615151,689.485948,148.041188,9178.553681
4017.615466,459.657299,-0.000000,9400.615463
4017.615781,0.000000,-0.000000,9770.718434
4017.616096,229.828649,-0.000000,9622.677246
4017.616411,76.609550,-0.000000,9770.718434
4017.616726,-383.047749,-0.000000,10066.800811
4017.617041,-459.657299,222.061783,9918.759623
4017.617356,-919.314598,-0.000000,9918.759623
4017.617672,-689.485948,370.102971,10066.800811
4017.617987,-766.095498,666.185348,9918.759623
4017.618302,-766.095498,666.185348,9770.718434
4017.618617,-383.047749,444.123565,9696.697840
4017.618932,229.828649,-0.000000,10066.800811
4017.619247,0.000000,-0.000000,9622.677246
4017.619562,229.828649,-0.000000,9844.739029
4017.619877,459.657299,-222.061783,9770.718434
4017.620192,842.705048,-0.000000,9844.739029
4017.620507,689.485948,-222.061783,9178.553681
4017.620822,1072.533697,-0.000000,8586.388927
4017.621138,1225.752797,148.041188,8586.388927
4017.621453,1378.971896,370.102971,8660.409521
4017.621768,612.876398,518.144159,8956.491898
4017.622083,0.000000,222.061783,9622.677246
4017.622398,-306.438199,-0.000000,9474.636058
4017.622713,-536.266849,-74.020594,9474.636058
4017.623028,-612.876398,-74.020594,9770.718434
4017.623343,-1149.143247,-0.000000,10288.862594
4017.623658,-1072.533697,-222.061783,10214.842000
4017.623973,-1762.019645,444.123565,10288.862594
4017.624288,-1149.143247,592.164754,9844.739029
4017.624604,-1072.533697,666.185348,9696.697840
4017.624919,0.000000,592.164754,10066.800811
4017.625234,-459.657299,592.164754,10140.821405
4017.625549,-383.047749,74.020594,9992.780217
4017.625864,-229.828649,296.082377,9992.780217
4017.626179,229.828649,-0.000000,9770.718434
4017.626494,536.266849,-74.020594,9696.697840
4017.626809,842.705048,-148.041188,9696.697840
4017.627124,1378.971896,-148.041188,9400.615463
4017.627439,1225.752797,-296.082377,8956.491898
4017.627754,1532.190996,-0.000000,8882.471304
4017.628070,1991.848295,-148.041188,8660.409521
4017.628385,1532.190996,-222.061783,8734.430116
4017.628700,842.705048,-0.000000,8808.450710
4017.629015,229.828649,222.061783,9104.533087
4017.629330,229.828649,-0.000000,9326.594869
4017.629645,383.047749,-0.000000,9844.739029
4017.629960,0.000000,-0.000000,9844.739029
4017.630275,-842.705048,370.102971,9918.759623
4017.630590,-689.485948,518.144159,9992.780217
4017.630905,-612.876398,666.185348,10066.800811
4017.631220,-536.266849,296.082377,10362.883188
4017.631536,-612.876398,370.102971,9992.780217
4017.631851,-306.438199,740.205942,10362.883188
4017.632166,0.000000,370.102971,9844.739029
4017.632481,0.000000,370.102971,10066.800811
4017.632796,766.095498,-296.082377,9770.718434
4017.633111,689.485948,-0.000000,9844.739029
4017.633426,842.705048,-0.000000,9548.656652
4017.633741,919.314598,-148.041188,9030.512492
4017.634056,1225.752797,148.041188,9252.574275
4017.634371,1302.362347,-444.123565,8808.450710
4017.634686,1302.362347,-222.061783,8734.430116
4017.635002,1072.533697,-0.000000,8586.388927
4017.635317,383.047749,-222.061783,9252.574275
4017.635632,153.219100,-222.061783,9474.636058
4017.635947,-459.657299,-148.041188,9474.636058
4017.636262,-612.876398,-296.082377,9770.718434
4017.636577,-612.876398,-222.061783,9992.780217
4017.636892,-689.485948,-0.000000,10140.821405
4017.637207,-1378.971896,-0.000000,10436.903782
4017.637522,-612.876398,444.123565,10436.903782
4017.637837,-612.876398,666.185348,9770.718434
4017.638152,-536.266849,444.123565,9844.739029
4017.638467,-229.828649,814.226536,9696.697840
4017.638783,0.000000,444.123565,9548.656652
4017.639098,0.000000,296.082377,9474.636058
4017.639413,0.000000,-0.000000,9474.636058
4017.639728,229.828649,-296.082377,9474.636058
4017.640043,459.657299,-518.144159,9474.636058
4017.640358,612.876398,-370.102971,9548.656652
4017.640673,1072.533697,-296.082377,9252.574275
4017.640988,1225.752797,-0.000000,8956.491898
4017.641303,995.924147,-444.123565,8512.368333
4017.641618,1149.143247,-148.041188,8586.388927
4017.641933,995.924147,444.123565,9622.677246
4017.642249,459.657299,296.082377,8956.491898
4017.642564,0.000000,296.082377,9400.615463
4017.642879,0.000000,222.061783,9622.677246
4017.643194,-459.657299,296.082377,9992.780217
4017.643509,-689.485948,-222.061783,9770.718434
4017.643824,-919.314598,296.082377,10066.800811
4017.644139,-766.095498,814.226536,10288.862594
4017.644455,-919.314598,740.205942,9918.759623
4017.644770,-612.876398,888.247130,9770.718434
4017.645085,-919.314598,666.185348,9918.759623
4017.645400,-536.266849,444.123565,9844.739029
4017.645715,-383.047749,370.102971,9548.656652
4017.646030,-153.219100,370.102971,9844.739029
4017.646345,383.047749,-518.144159,10140.821405
4017.646660,536.266849,-74.020594,9844.739029
4017.646976,766.095498,-0.000000,9548.656652
4017.647291,766.095498,222.061783,9548.656652
4017.647606,1302.362347,370.102971,9178.553681
4017.647921,1302.362347,-0.000000,9252.574275
4017.648236,1302.362347,296.082377,8882.471304
4017.648551,1455.581446,222.061783,8882.471304
4017.648866,842.705048,222.061783,9030.512492
4017.649182,229.828649,222.061783,9474.636058
4017.649497,0.000000,-0.000000,9770.718434
4017.649812,-383.047749,-296.082377,9696.697840
4017.650127,-536.266849,-222.061783,10288.862594
4017.650442,-919.314598,-0.000000,10362.883188
4017.650757,-689.485948,-0.000000,10214.842000
4017.651072,-919.314598,666.185348,10214.842000
4017.651388,-383.047749,814.226536,10214.842000
4017.651703,0.000000,1036.288319,10214.842000
4017.652018,-229.828649,1110.308913,9548.656652
4017.652333,-306.438199,592.164754,9622.677246
4017.652648,153.219100,592.164754,9992.780217
4017.652963,229.828649,370.102971,9770.718434
4017.653278,459.657299,-0.000000,9844.739029
4017.653594,536.266849,-0.000000,9918.759623
4017.653909,1072.533697,-0.000000,9918.759623
4017.654224,536.266849,-370.102971,9178.553681
4017.654539,842.705048,-148.041188,8808.450710
4017.654854,995.924147,74.020594,9326.594869
4017.655169,536.266849,-0.000000,8808.450710
4017.655484,766.095498,370.102971,8956.491898
4017.655799,76.609550,-0.000000,9326.594869
4017.656115,0.000000,222.061783,9252.574275
4017.656430,-306.438199,296.082377,9696.697840
4017.656745,-383.047749,222.061783,9918.759623
4017.657060,-383.047749,-0.000000,9992.780217
4017.657375,-306.438199,-0.000000,9844.739029
4017.657690,-919.314598,444.123565,9770.718434
4017.658005,-689.485948,444.123565,9770.718434
4017.658321,-689.485948,1184.329507,9992.780217
4017.658636,-306.438199,592.164754,9622.677246
4017.658951,-306.438199,222.061783,9696.697840
4017.659266,0.000000,-0.000000,9622.677246
4017.659581,0.000000,-148.041188,9696.697840
4017.659896,689.485948,-222.061783,10066.800811
4017.660211,689.485948,-444.123565,9844.739029
4017.660527,612.876398,-444.123565,9474.636058
4017.660842,919.314598,-370.102971,9326.594869
4017.661157,1378.971896,-0.000000,8956.491898
4017.661472,1225.752797,370.102971,8882.471304
4017.661787,1455.581446,-0.000000,8956.491898
4017.662102,1149.143247,222.061783,9030.512492
4017.662417,459.657299,-74.020594,9474.636058
4017.662733,0.000000,-0.000000,9178.553681
4017.663048,76.609550,-296.082377,9474.636058
4017.663363,-459.657299,-444.123565,10214.842000
4017.663678,-842.705048,-370.102971,10584.944971
4017.663993,-1149.143247,-148.041188,10362.883188
4017.664308,-1378.971896,-0.000000,10140.821405
4017.664623,-842.705048,222.061783,10510.924376
4017.664938,-689.485948,444.123565,9918.759623
4017.665254,-383.047749,814.226536,9770.718434
4017.665569,-153.219100,518.144159,9696.697840
4017.665884,76.609550,444.123565,9918.759623
4017.666199,76.609550,518.144159,9622.677246
4017.666514,383.047749,-74.020594,9844.739029
4017.666829,459.657299,-0.000000,9770.718434
4017.667144,1072.533697,-0.000000,9548.656652
4017.667460,1072.533697,-74.020594,9400.615463
4017.667775,1378.971896,-370.102971,8956.491898
4017.668090,1378.971896,-370.102971,8956.491898
4017.668405,1225.752797,-148.041188,8734.430116
4017.668720,1149.143247,-148.041188,8808.450710
4017.669035,1072.533697,-0.000000,9178.553681
4017.669350,536.266849,-296.082377,9400.615463
4017.669666,0.000000,74.020594,9622.677246
4017.669981,0.000000,-0.000000,9622.677246
4017.670296,0.000000,296.082377,9326.594869
4017.670611,-229.828649,518.144159,9770.718434
4017.670926,-612.876398,444.123565,10584.944971
4017.671241,-1072.533697,222.061783,10140.821405
4017.671556,-689.485948,296.082377,9770.718434
4017.671872,-689.485948,444.123565,9696.697840
4017.672187,-459.657299,518.144159,10066.800811
4017.672502,-459.657299,296.082377,9992.780217
4017.672817,-229.828649,370.102971,10066.800811
4017.673132,0.000000,-518.144159,9992.780217
4017.673447,0.000000,-444.123565,9992.780217
4017.673762,536.266849,-0.000000,9696.697840
4017.674077,842.705048,-0.000000,9548.656652
4017.674393,919.314598,-0.000000,9178.553681
4017.674708,1149.143247,-0.000000,8882.471304
4017.675023,1225.752797,-0.000000,8290.306550
4017.675338,1378.971896,518.144159,8512.368333
4017.675653,995.924147,296.082377,8956.491898
4017.675968,229.828649,-0.000000,9030.512492
4017.676283,0.000000,-0.000000,9474.636058
4017.676599,-689.485948,-74.020594,9548.656652
4017.676914,-689.485948,-148.041188,9770.718434
4017.677229,-1072.533697,-0.000000,10362.883188
4017.677544,-1378.971896,444.123565,10288.862594
4017.677859,-1149.143247,592.164754,10140.821405
4017.678174,-919.314598,1110.308913,9918.759623
4017.678489,-536.266849,888.247130,9696.697840
4017.678805,0.000000,1406.391290,9622.677246
4017.679120,-306.438199,888.247130,9326.594869
4017.679435,-612.876398,666.185348,9474.636058
4017.679750,-153.219100,666.185348,9548.656652
4017.680065,153.219100,222.061783,9992.780217
4017.680380,612.876398,-0.000000,9696.697840
4017.680695,689.485948,-148.041188,9696.697840
4017.681011,919.314598,-0.000000,9326.594869
4017.681326,995.924147,-0.000000,8808.450710
4017.681641,919.314598,-222.061783,8956.491898
4017.681956,842.705048,-0.000000,9252.574275
4017.682271,459.657299,-0.000000,9030.512492
4017.682586,306.438199,-0.000000,9178.553681
4017.682901,0.000000,-0.000000,9696.697840
4017.683216,0.000000,-0.000000,9918.759623
4017.683532,-229.828649,222.061783,9992.780217
4017.683847,-383.047749,-0.000000,9918.759623
4017.684162,-306.438199,444.123565,10140.821405
4017.684477,-536.266849,666.185348,10510.924376
4017.684792,-689.485948,444.123565,9992.780217
4017.685107,-689.485948,370.102971,10066.800811
4017.685422,-459.657299,666.185348,10214.842000
4017.685738,-536.266849,592.164754,9992.780217
4017.686053,-229.828649,222.061783,9918.759623
4017.686368,459.657299,-0.000000,10214.842000
4017.686683,229.828649,-296.082377,10066.800811
4017.686998,536.266849,-370.102971,9770.718434
4017.687313,766.095498,-222.061783,9622.677246
4017.687628,995.924147,-0.000000,9474.636058
4017.687944,1302.362347,-148.041188,8808.450710
4017.688259,1302.362347,-0.000000,8808.450710
4017.688574,1608.800546,222.061783,8512.368333
4017.688889,1149.143247,370.102971,8290.306550
4017.689204,842.705048,370.102971,8512.368333
4017.689519,459.657299,148.041188,9252.574275
4017.689834,-306.438199,-0.000000,9252.574275
4017.690150,-536.266849,-370.102971,9622.677246
4017.690465,-536.266849,-148.041188,9918.759623
4017.690780,-842.705048,-444.123565,9844.739029
4017.691095,-1149.143247,-592.164754,10288.862594
4017.691410,-1455.581446,-0.000000,10214.842000
4017.691725,-689.485948,666.185348,9918.759623
4017.692040,-536.266849,814.226536,9992.780217
4017.692355,-459.657299,666.185348,9474.636058
4017.692671,-306.438199,370.102971,9696.697840
4017.692986,0.000000,296.082377,9844.739029
4017.693301,229.828649,-0.000000,9548.656652
4017.693616,536.266849,-296.082377,9844.739029
4017.693931,919.314598,-370.102971,9992.780217
4017.694246,1072.533697,-222.061783,9696.697840
4017.694561,919.314598,-740.205942,8956.491898
4017.694877,1149.143247,-296.082377,8808.450710
4017.695192,1302.362347,-0.000000,9326.594869
4017.695507,1378.971896,-148.041188,9400.615463
4017.695822,995.924147,-0.000000,8956.491898
4017.696137,459.657299,-0.000000,9030.512492
4017.696452,76.609550,-0.000000,9326.594869
4017.696767,153.219100,-74.020594,9622.677246
4017.697083,0.000000,-370.102971,9992.780217
4017.697398,0.000000,-0.000000,10140.821405
4017.697713,-306.438199,370.102971,10214.842000
4017.698028,-766.095498,518.144159,9992.780217
4017.698343,-383.047749,518.144159,10140.821405
4017.698658,-459.657299,592.164754,10288.862594
4017.698973,-306.438199,592.164754,10140.821405
4017.699289,-153.219100,444.123565,9844.739029
4017.699604,0.000000,444.123565,9696.697840
4017.699919,612.876398,-0.000000,9844.739029
4017.700234,459.657299,-74.020594,10288.862594
4017.700549,842.705048,-74.020594,10066.800811
4017.700864,1149.143247,-0.000000,9474.636058
4017.701179,1072.533697,-74.020594,9400.615463
4017.701494,1072.533697,-0.000000,9104.533087
4017.701810,1302.362347,-74.020594,8956.491898
4017.702125,1685.410096,-0.000000,8660.409521
4017.702440,1149.143247,-0.000000,8734.430116
4017.702755,995.924147,-222.061783,9178.553681
4017.703070,536.266849,-0.000000,9178.553681
4017.703385,0.000000,-74.020594,9104.533087
4017.703700,0.000000,-222.061783,10066.800811
4017.704016,-229.828649,-148.041188,9622.677246
4017.704331,-612.876398,-0.000000,10066.800811
4017.704646,-919.314598,148.041188,10362.883188
4017.704961,-689.485948,740.205942,10140.821405
4017.705276,-842.705048,666.185348,9918.759623
4017.705591,-459.657299,814.226536,9474.636058
4017.705906,0.000000,370.102971,10140.821405
4017.706222,-612.876398,370.102971,10066.800811
4017.706537,-383.047749,296.082377,9992.780217
4017.706852,153.219100,-0.000000,9918.759623
4017.707167,459.657299,-370.102971,9918.759623
4017.707482,919.314598,-296.082377,9622.677246
4017.707797,612.876398,-0.000000,9622.677246
4017.708112,919.314598,-74.020594,9400.615463
4017.708428,995.924147,222.061783,8808.450710
4017.708743,919.314598,370.102971,8660.409521
4017.709058,536.266849,592.164754,8956.491898
4017.709373,689.485948,370.102971,8808.450710
4017.709688,0.000000,-0.000000,9474.636058
4017.710003,-383.047749,-0.000000,9400.615463
4017.710318,-459.657299,148.041188,9474.636058
4017.710633,-612.876398,148.041188,9770.718434
4017.710949,-842.705048,222.061783,10288.862594
4017.711264,-1225.752797,370.102971,10288.862594
4017.711579,-1302.362347,444.123565,10288.862594
4017.711894,-1608.800546,814.226536,9992.780217
4017.712209,-689.485948,962.267725,9844.739029
4017.712524,-229.828649,592.164754,9770.718434
4017.712839,0.000000,740.205942,9844.739029
4017.713155,0.000000,444.123565,9770.718434
4017.713470,459.657299,-0.000000,9844.739029
4017.713785,689.485948,-0.000000,10066.800811
4017.714100,842.705048,-0.000000,9474.636058
4017.714415,995.924147,-74.020594,9474.636058
4017.714730,1149.143247,-74.020594,9178.553681
4017.715045,1225.752797,-0.000000,9178.553681
4017.715361,1378.971896,-74.020594,9178.553681
4017.715676,1225.752797,-0.000000,8882.471304
4017.715991,842.705048,-0.000000,8956.491898
4017.716306,612.876398,148.041188,9178.553681
4017.716621,0.000000,-0.000000,9474.636058
4017.716936,-306.438199,-0.000000,9622.677246
4017.717251,0.000000,-296.082377,10362.883188
4017.717567,-306.438199,296.082377,10140.821405
4017.717882,-383.047749,222.061783,10214.842000
4017.718197,-612.876398,592.164754,10140.821405
4017.718512,-612.876398,592.164754,10510.924376
4017.718827,-459.657299,740.205942,10140.821405
4017.719142,-459.657299,962.267725,9696.697840
4017.719457,-383.047749,592.164754,9844.739029
4017.719772,-536.266849,-0.000000,9696.697840
4017.720088,153.219100,-0.000000,10214.842000
4017.720403,-229.828649,-444.123565,10066.800811
4017.720718,76.609550,-370.102971,9770.718434
4017.721033,612.876398,-444.123565,9474.636058
4017.721348,689.485948,-370.102971,9104.533087
4017.721663,1378.971896,-296.082377,9030.512492
4017.721978,1225.752797,-370.102971,8660.409521
4017.722294,1149.143247,-148.041188,8734.430116
4017.722609,1225.752797,370.102971,8586.388927
4017.722924,766.095498,296.082377,8586.388927
4017.723239,306.438199,-0.000000,9030.512492
4017.723554,0.000000,-0.000000,9474.636058
4017.723869,-459.657299,-222.061783,9696.697840
4017.724184,-459.657299,-222.061783,9696.697840
4017.724500,-536.266849,-296.082377,10066.800811
4017.724815,-842.705048,296.082377,9992.780217
4017.725130,-1072.533697,296.082377,9844.739029
4017.725445,-766.095498,370.102971,9844.739029
4017.725760,-536.266849,296.082377,9918.759623
4017.726075,-536.266849,444.123565,9622.677246
4017.726390,-153.219100,296.082377,10066.800811
4017.726706,0.000000,592.164754,9770.718434
4017.727021,0.000000,-0.000000,9622.677246
4017.727336,306.438199,148.041188,9770.718434
4017.727651,1072.533697,-296.082377,9474.636058
4017.727966,766.095498,-148.041188,9844.739029
4017.728281,919.314598,-74.020594,9252.574275
4017.728596,842.705048,-148.041188,8956.491898
4017.728911,1072.533697,-0.000000,8956.491898
4017.729227,995.924147,-296.082377,9030.512492
4017.729542,229.828649,-0.000000,9252.574275
4017.729857,-229.828649,148.041188,9622.677246
4017.730172,-229.828649,296.082377,9326.594869
4017.730487,-536.266849,222.061783,9622.677246
4017.730802,-536.266849,-0.000000,9474.636058
4017.731117,-766.095498,296.082377,10362.883188
4017.731433,-995.924147,296.082377,10214.842000
4017.731748,-919.314598,740.205942,10066.800811
4017.732063,-689.485948,740.205942,9918.759623
4017.732378,76.609550,962.267725,10214.842000
4017.732693,0.000000,1036.288319,9918.759623
4017.733008,0.000000,592.164754,9622.677246
4017.733323,229.828649,740.205942,9992.780217
4017.733639,76.609550,444.123565,9548.656652
4017.733954,459.657299,-0.000000,9918.759623
4017.734269,919.314598,-0.000000,9696.697840
4017.734584,1302.362347,-74.020594,9622.677246
4017.734899,1378.971896,-222.061783,9104.533087
4017.735214,1455.581446,-148.041188,9104.533087
4017.735529,1915.238745,-0.000000,9030.512492
4017.735845,1302.362347,-74.020594,8808.450710
4017.736160,1302.362347,222.061783,8734.430116
4017.736475,1225.752797,-0.000000,8956.491898
4017.736790,1225.752797,-0.000000,9104.533087
4017.737105,459.657299,148.041188,9474.636058
4017.737420,306.438199,-148.041188,9918.759623
4017.737735,0.000000,370.102971,10066.800811
4017.738050,-612.876398,296.082377,9770.718434
4017.738366,-1149.143247,-0.000000,10288.862594
4017.738681,-766.095498,296.082377,10214.842000
4017.738996,-1072.533697,592.164754,10436.903782
4017.739311,-766.095498,666.185348,10214.842000
4017.739626,-612.876398,370.102971,9992.780217
4017.739941,-766.095498,-0.000000,9918.759623
4017.740256,-153.219100,-0.000000,9474.636058
4017.740572,0.000000,-74.020594,9992.780217
4017.740887,383.047749,-74.020594,10214.842000
4017.741202,459.657299,-592.164754,8882.471304
4017.741517,842.705048,-222.061783,9104.533087
4017.741832,995.924147,-0.000000,8882.471304
4017.742147,995.924147,-0.000000,8734.430116
4017.742462,612.876398,-0.000000,8364.327145
4017.742778,383.047749,-444.123565,8808.450710
4017.743093,0.000000,-222.061783,9548.656652
4017.743408,-459.657299,-370.102971,9178.553681
4017.743723,-919.314598,-518.144159,9252.574275
4017.744038,-995.924147,-444.123565,10066.800811
4017.744353,-995.924147,-592.164754,10288.862594
4017.744668,-1225.752797,-0.000000,10436.903782
4017.744983,-919.314598,370.102971,9844.739029
4017.745298,-842.705048,444.123565,10140.821405
4017.745614,-383.047749,740.205942,9474.636058
4017.745929,229.828649,814.226536,9104.533087
4017.746244,-229.828649,740.205942,9548.656652
4017.746559,-306.438199,444.123565,9474.636058
4017.746874,-306.438199,296.082377,9474.636058
4017.747189,0.000000,-74.020594,9400.615463
4017.747504,306.438199,-74.020594,9918.759623
4017.747819,766.095498,-222.061783,9696.697840
4017.748134,612.876398,-370.102971,9844.739029
4017.748449,766.095498,-444.123565,9474.636058
4017.748765,919.314598,-222.061783,9030.512492
4017.749080,1225.752797,-0.000000,9104.533087
4017.749395,1302.362347,370.102971,9326.594869
4017.749710,1302.362347,592.164754,9400.615463
4017.750025,995.924147,444.123565,9030.512492
4017.750340,689.485948,962.267725,9030.512492
4017.750655,229.828649,222.061783,9844.739029
4017.750970,76.609550,296.082377,9770.718434
4017.751285,0.000000,-0.000000,9622.677246
4017.751601,-536.266849,-0.000000,10584.944971
4017.751916,-689.485948,-148.041188,9992.780217
4017.752231,-689.485948,370.102971,10214.842000
4017.752546,-689.485948,518.144159,10214.842000
4017.752861,-689.485948,518.144159,10066.800811
4017.753176,-383.047749,666.185348,10214.842000
4017.753491,0.000000,592.164754,9548.656652
4017.753806,689.485948,370.102971,9770.718434
4017.754121,919.314598,296.082377,9696.697840
4017.754436,1072.533697,296.082377,9030.512492
4017.754752,766.095498,518.144159,9400.615463
4017.755067,1149.143247,296.082377,9178.553681
4017.755382,1378.971896,-0.000000,8956.491898
4017.755697,1532.190996,-148.041188,8660.409521
4017.756012,1225.752797,-0.000000,8660.409521
4017.756327,995.924147,-0.000000,8734.430116
4017.756642,536.266849,-0.000000,9030.512492
4017.756957,0.000000,-148.041188,9548.656652
4017.757272,-383.047749,-74.020594,9696.697840
4017.757588,-536.266849,-370.102971,9696.697840
4017.757903,-536.266849,-0.000000,9696.697840
4017.758218,-689.485948,-0.000000,9844.739029
4017.758533,-842.705048,296.082377,10140.821405
4017.758848,-919.314598,962.267725,9992.780217
4017.759163,-766.095498,1184.329507,9918.759623
4017.759478,-536.266849,1110.308913,9178.553681
4017.759793,-536.266849,740.205942,9622.677246
4017.760108,-229.828649,518.144159,10214.842000
4017.760423,-612.876398,296.082377,10288.862594
4017.760739,-459.657299,-0.000000,9696.697840
4017.761054,-612.876398,-444.123565,9844.739029
4017.761369,0.000000,-444.123565,9770.718434
4017.761684,229.828649,-444.123565,9548.656652
4017.761999,306.438199,-74.020594,9400.615463
4017.762314,919.314598,-0.000000,9178.553681
4017.762629,919.314598,-148.041188,8882.471304
4017.762944,1072.533697,-0.000000,8956.491898
4017.763259,689.485948,-0.000000,8882.471304
4017.763575,76.609550,-0.000000,9326.594869
4017.763890,0.000000,370.102971,9326.594869
4017.764205,0.000000,-222.061783,9326.594869
4017.764520,-153.219100,-444.123565,9770.718434
4017.764835,-383.047749,-0.000000,10140.821405
4017.765150,-1149.143247,148.041188,9622.677246
4017.765465,-1072.533697,-0.000000,9696.697840
4017.765780,-995.924147,296.082377,10066.800811
4017.766095,-612.876398,-0.000000,9918.759623
4017.766410,-383.047749,296.082377,9918.759623
4017.766726,0.000000,370.102971,9918.759623
4017.767041,76.609550,444.123565,9696.697840
4017.767356,459.657299,296.082377,9548.656652
4017.767671,766.095498,-148.041188,9770.718434
4017.767986,1149.143247,-148.041188,9622.677246
4017.768301,1378.971896,-74.020594,9252.574275
4017.768616,1608.800546,-0.000000,9104.533087
4017.768931,1915.238745,-296.082377,9104.533087
4017.769246,1915.238745,-222.061783,9030.512492
4017.769562,1455.581446,-222.061783,8882.471304
4017.769877,1149.143247,-0.000000,8882.471304
4017.770192,383.047749,-74.020594,9400.615463
4017.770507,-153.219100,-148.041188,9400.615463
4017.770822,0.000000,-222.061783,9622.677246
4017.771137,-153.219100,-444.123565,10066.800811
4017.771452,-306.438199,-148.041188,10288.862594
4017.771767,-306.438199,148.041188,9992.780217
4017.772082,-612.876398,370.102971,10214.842000
4017.772397,-612.876398,592.164754,10140.821405
4017.772713,0.000000,888.247130,10066.800811
4017.773028,-153.219100,962.267725,9622.677246
4017.773343,-459.657299,592.164754,9622.677246
4017.773658,0.000000,518.144159,10288.862594
4017.773973,-612.876398,148.041188,9992.780217
4017.774288,0.000000,-370.102971,9844.739029
4017.774603,0.000000,-222.061783,9992.780217
4017.774918,229.828649,-370.102971,9918.759623
4017.775233,689.485948,-592.164754,9474.636058
4017.775549,766.095498,-148.041188,9474.636058
4017.775864,766.095498,-222.061783,8808.450710
4017.776179,919.314598,-0.000000,8438.347739
4017.776494,1072.533697,592.164754,8734.430116
4017.776809,842.705048,296.082377,8586.388927
4017.777124,536.266849,370.102971,8956.491898
4017.777439,0.000000,518.144159,9326.594869
4017.777754,-459.657299,-0.000000,9622.677246
4017.778069,-383.047749,222.061783,9992.780217
4017.778384,-995.924147,-296.082377,10140.821405
4017.778700,-1302.362347,-74.020594,10436.903782
4017.779015,-1685.410096,222.061783,10436.903782
4017.779330,-1302.362347,370.102971,10140.821405
4017.779645,-919.314598,592.164754,10066.800811
4017.779960,-459.657299,666.185348,10214.842000
4017.780275,-536.266849,1036.288319,9918.759623
4017.780590,0.000000,740.205942,9918.759623
4017.780905,153.219100,814.226536,9770.718434
4017.781220,1149.143247,370.102971,9474.636058
4017.781536,919.314598,296.082377,9548.656652
4017.781851,1225.752797,148.041188,9474.636058
4017.782166,995.924147,-0.000000,9104.533087
4017.782481,919.314598,-0.000000,8734.430116
4017.782796,842.705048,-148.041188,8956.491898
4017.783111,919.314598,-0.000000,9252.574275
4017.783426,536.266849,-0.000000,9844.739029
4017.783741,0.000000,-0.000000,9400.615463
4017.784056,-153.219100,-0.000000,9400.615463
4017.784371,-306.438199,-74.020594,9918.759623
4017.784687,0.000000,148.041188,9844.739029
4017.785002,-459.657299,518.144159,10362.883188
4017.785317,-689.485948,518.144159,9918.759623
4017.785632,0.000000,592.164754,9696.697840
4017.785947,-229.828649,1406.391290,9474.636058
4017.786262,-229.828649,962.267725,9918.759623
4017.786577,0.000000,888.247130,9548.656652
4017.786892,0.000000,444.123565,9696.697840
4017.787207,-229.828649,444.123565,9992.780217
4017.787523,0.000000,-0.000000,9918.759623
4017.787838,76.609550,-370.102971,9992.780217
4017.788153,383.047749,-296.082377,9696.697840
4017.788468,536.266849,-370.102971,9770.718434
4017.788783,689.485948,-370.102971,9030.512492
4017.789098,1072.533697,-444.123565,8808.450710
4017.789413,1225.752797,-0.000000,8586.388927
4017.789728,1149.143247,296.082377,8734.430116
4017.790043,995.924147,444.123565,8512.368333
4017.790358,1378.971896,592.164754,9178.553681
4017.790674,306.438199,592.164754,9548.656652
4017.790989,0.000000,296.082377,9548.656652
4017.791304,-153.219100,-148.041188,9474.636058
4017.791619,-536.266849,148.041188,9918.759623
4017.791934,-689.485948,74.020594,10732.986159
4017.792249,-1072.533697,148.041188,10288.862594
4017.792564,-766.095498,592.164754,10510.924376
4017.792879,-842.705048,814.226536,10362.883188
4017.793194,-919.314598,592.164754,9844.739029
4017.793510,-229.828649,740.205942,10066.800811
4017.793825,-153.219100,444.123565,10066.800811
4017.794140,0.000000,-0.000000,10140.821405
4017.794455,306.438199,-0.000000,9770.718434
4017.794770,612.876398,-148.041188,9474.636058
4017.795085,536.266849,-0.000000,9474.636058
4017.795400,1149.143247,-0.000000,9326.594869
4017.795715,1225.752797,-222.061783,9178.553681
4017.796030,919.314598,-222.061783,9030.512492
4017.796345,919.314598,-222.061783,8734.430116
4017.796661,689.485948,-148.041188,8882.471304
4017.796976,536.266849,-370.102971,9104.533087
4017.797291,0.000000,-518.144159,9474.636058
4017.797606,-612.876398,-444.123565,9326.594869
4017.797921,-536.266849,-518.144159,9474.636058
4017.798236,-306.438199,-0.000000,9474.636058
4017.798551,-842.705048,-0.000000,10140.821405
4017.798866,-1072.533697,-0.000000,9696.697840
4017.799181,-1149.143247,518.144159,9918.759623
4017.799497,0.000000,222.061783,9474.636058
4017.799812,-536.266849,518.144159,9474.636058
4017.800127,-383.047749,444.123565,9918.759623
4017.800442,-536.266849,148.041188,9696.697840
4017.800757,-306.438199,370.102971,9252.574275
4017.801072,0.000000,370.102971,9918.759623
4017.801387,383.047749,-0.000000,10066.800811
4017.801702,842.705048,-74.020594,9474.636058
4017.802017,1225.752797,-0.000000,9474.636058
4017.802332,1225.752797,-74.020594,9030.512492
4017.802648,1915.238745,-222.061783,9252.574275
4017.802963,1762.019645,-74.020594,9030.512492
4017.803278,1532.190996,148.041188,8660.409521
4017.803593,1149.143247,222.061783,9178.553681
4017.803908,536.266849,296.082377,8808.450710
4017.804223,0.000000,666.185348,9474.636058
4017.804538,0.000000,-0.000000,9622.677246
4017.804853,0.000000,-74.020594,9992.780217
4017.805168,-612.876398,-0.000000,10362.883188
4017.805484,-766.095498,296.082377,10288.862594
4017.805799,-1072.533697,370.102971,10362.883188
4017.806114,-1149.143247,296.082377,10362.883188
4017.806429,-842.705048,370.102971,10362.883188
4017.806744,-612.876398,814.226536,10066.800811
4017.807059,-229.828649,444.123565,9918.759623
4017.807374,0.000000,666.185348,9622.677246
4017.807689,76.609550,444.123565,9622.677246
4017.808004,76.609550,-148.041188,10140.821405
4017.808319,306.438199,-0.000000,9548.656652
4017.808635,76.609550,-0.000000,9252.574275
4017.808950,995.924147,-444.123565,8808.450710
4017.809265,1302.362347,-370.102971,9030.512492
4017.809580,1378.971896,-0.000000,9030.512492
4017.809895,919.314598,-74.020594,8808.450710
4017.810210,1072.533697,-74.020594,9030.512492
4017.810525,536.266849,-0.000000,9104.533087
4017.810840,153.219100,222.061783,9326.594869
4017.811155,-383.047749,-148.041188,9548.656652
4017.811471,-306.438199,-296.082377,9696.697840
4017.811786,-459.657299,148.041188,9918.759623
4017.812101,-536.266849,444.123565,10288.862594
4017.812416,-689.485948,888.247130,10214.842000
4017.812731,-766.095498,1184.329507,9844.739029
4017.813046,-459.657299,962.267725,9770.718434
4017.813361,-306.438199,1258.350101,9474.636058
4017.813676,0.000000,1036.288319,9844.739029
4017.813991,-306.438199,666.185348,10066.800811
4017.814306,-229.828649,296.082377,9622.677246
4017.814622,-383.047749,-74.020594,9770.718434
4017.814937,76.609550,-0.000000,10066.800811
4017.815252,76.609550,-148.041188,10140.821405
4017.815567,306.438199,-74.020594,9622.677246
4017.815882,919.314598,-74.020594,9326.594869
4017.816197,995.924147,-0.000000,9030.512492
4017.816512,842.705048,-0.000000,8512.368333
4017.816827,919.314598,370.102971,8512.368333
4017.817142,536.266849,222.061783,8808.450710
4017.817458,0.000000,296.082377,9178.553681
4017.817773,76.609550,-74.020594,9326.594869
4017.818088,-612.876398,-0.000000,9844.739029
4017.818403,-459.657299,-0.000000,10362.883188
4017.818718,-766.095498,-148.041188,10288.862594
4017.819033,-1378.971896,-0.000000,10140.821405
4017.819348,-1225.752797,444.123565,10288.862594
4017.819663,-1072.533697,444.123565,10140.821405
4017.819978,-536.266849,370.102971,9992.780217
4017.820293,-536.266849,296.082377,9622.677246
4017.820609,-459.657299,666.185348,9844.739029
4017.820924,-306.438199,-0.000000,9622.677246
4017.821239,229.828649,370.102971,9992.780217
4017.821554,536.266849,-0.000000,9770.718434
4017.821869,536.266849,222.061783,9400.615463
4017.822184,1302.362347,-296.082377,9400.615463
4017.822499,1455.581446,-222.061783,9326.594869
4017.822814,1149.143247,-0.000000,9030.512492
4017.823129,1378.971896,-0.000000,8882.471304
4017.823445,1225.752797,-0.000000,8882.471304
4017.823760,842.705048,518.144159,9400.615463
4017.824075,306.438199,296.082377,9252.574275
4017.824390,0.000000,-0.000000,9400.615463
4017.824705,-229.828649,-0.000000,9918.759623
4017.825020,-153.219100,-0.000000,9844.739029
4017.825335,-383.047749,-0.000000,10288.862594
4017.825650,-612.876398,-0.000000,9992.780217
4017.825965,-766.095498,296.082377,10140.821405
4017.826280,-612.876398,814.226536,10288.862594
4017.826596,0.000000,1036.288319,9696.697840
4017.826911,-306.438199,1110.308913,10066.800811
4017.827226,0.000000,814.226536,9770.718434
4017.827541,0.000000,666.185348,9622.677246
4017.827856,-306.438199,-0.000000,9622.677246
4017.828171,0.000000,-74.020594,9992.780217
4017.828486,153.219100,-370.102971,10066.800811
4017.828801,536.266849,-666.185348,9770.718434
4017.829116,766.095498,-518.144159,9474.636058
4017.829432,766.095498,-518.144159,9178.553681
4017.829747,1302.362347,-444.123565,9030.512492
4017.830062,1455.581446,-222.061783,8956.491898
4017.830377,919.314598,148.041188,8734.430116
4017.830692,1455.581446,-0.000000,8660.409521
4017.831007,612.876398,222.061783,8956.491898
4017.831322,76.609550,-0.000000,9104.533087
4017.831637,-153.219100,-222.061783,9474.636058
4017.831952,-229.828649,-74.020594,9622.677246
4017.832267,-689.485948,-0.000000,10288.862594
4017.832583,-995.924147,-0.000000,9918.759623
4017.832898,-919.314598,-0.000000,10066.800811
4017.833213,-612.876398,444.123565,10214.842000
4017.833528,-459.657299,592.164754,9844.739029
4017.833843,-306.438199,518.144159,9918.759623
4017.834158,-229.828649,518.144159,9770.718434
4017.834473,153.219100,370.102971,10362.883188
4017.834788,383.047749,222.061783,9696.697840
4017.835103,536.266849,-0.000000,9400.615463
4017.835419,1072.533697,222.061783,9770.718434
4017.835734,766.095498,370.102971,9622.677246
4017.836049,1302.362347,-0.000000,9474.636058
4017.836364,1149.143247,-0.000000,9104.533087
4017.836679,1455.581446,-0.000000,9030.512492
4017.836994,919.314598,-0.000000,8882.471304
4017.837309,612.876398,-0.000000,9474.636058
4017.837624,153.219100,148.041188,9548.656652
4017.837939,-229.828649,-0.000000,9474.636058
4017.838254,-306.438199,-0.000000,9622.677246
4017.838570,-306.438199,148.041188,9992.780217
4017.838885,-459.657299,222.061783,10436.903782
4017.839200,-842.705048,148.041188,10066.800811
4017.839515,-689.485948,740.205942,10066.800811
4017.839830,-536.266849,666.185348,9770.718434
4017.840145,-306.438199,740.205942,10140.821405
4017.840460,-153.219100,370.102971,9844.739029
4017.840775,-842.705048,222.061783,9474.636058
4017.841090,-536.266849,296.082377,9844.739029
4017.841406,-229.828649,-74.020594,9992.780217
4017.841721,0.000000,-222.061783,9918.759623
4017.842036,383.047749,-592.164754,9918.759623
4017.842351,612.876398,-666.185348,9252.574275
4017.842666,919.314598,-518.144159,9104.533087
4017.842981,1225.752797,-148.041188,9326.594869
4017.843296,1072.533697,-74.020594,8660.409521
4017.843611,1915.238745,-0.000000,8142.265362
4017.843926,919.314598,222.061783,8364.327145
4017.844241,766.095498,222.061783,8438.347739
4017.844557,229.828649,370.102971,9030.512492
4017.844872,-383.047749,-0.000000,9474.636058
4017.845187,-536.266849,-222.061783,10362.883188
4017.845502,-1225.752797,-222.061783,10140.821405
4017.845817,-1378.971896,-74.020594,9992.780217
4017.846132,-1302.362347,296.082377,10288.862594
4017.846447,-1225.752797,444.123565,10362.883188
4017.846762,-1149.143247,666.185348,10066.800811
4017.847077,0.000000,592.164754,9696.697840
4017.847392,0.000000,1110.308913,9770.718434
4017.847707,0.000000,814.226536,9622.677246
4017.848022,0.000000,666.185348,9770.718434
4017.848337,459.657299,444.123565,9918.759623
4017.848652,995.924147,-0.000000,9844.739029
4017.848968,1072.533697,-0.000000,9474.636058
4017.849283,1149.143247,-0.000000,9474.636058
4017.849598,1149.143247,-0.000000,9178.553681
4017.849913,995.924147,-74.020594,8734.430116
4017.850228,1378.971896,-222.061783,8438.347739
4017.850543,919.314598,-222.061783,8882.471304
4017.850858,612.876398,-0.000000,9252.574275
4017.851173,229.828649,-222.061783,8882.471304
4017.851488,0.000000,-0.000000,9400.615463
4017.851803,-689.485948,-74.020594,9622.677246
4017.852118,-459.657299,-0.000000,10066.800811
4017.852433,-919.314598,74.020594,10436.903782
4017.852748,-612.876398,222.061783,9992.780217
4017.853064,-766.095498,592.164754,9844.739029
4017.853379,-612.876398,1110.308913,10066.800811
4017.853694,-229.828649,814.226536,10140.821405
4017.854009,-306.438199,740.205942,10140.821405
4017.854324,-383.047749,592.164754,10066.800811
4017.854639,-459.657299,-0.000000,9770.718434
4017.854954,306.438199,-0.000000,10066.800811
4017.855269,689.485948,-148.041188,10436.903782
4017.855584,689.485948,-0.000000,9918.759623
4017.855899,842.705048,-444.123565,9622.677246
4017.856214,1225.752797,-0.000000,9252.574275
4017.856529,995.924147,-0.000000,8882.471304
4017.856844,1762.019645,-0.000000,9030.512492
4017.857159,1685.410096,-0.000000,8808.450710
4017.857475,1225.752797,518.144159,8882.471304
4017.857790,919.314598,518.144159,9326.594869
4017.858105,153.219100,296.082377,9400.615463
4017.858420,0.000000,518.144159,9696.697840
4017.858735,0.000000,222.061783,10214.842000
4017.859050,-459.657299,148.041188,10140.821405
4017.859365,-459.657299,296.082377,10436.903782
4017.859680,-1072.533697,740.205942,10510.924376
4017.859995,-1149.143247,666.185348,10214.842000
4017.860310,-766.095498,666.185348,9844.739029
4017.860625,-383.047749,888.247130,10140.821405
4017.860940,0.000000,592.164754,9992.780217
4017.861255,-612.876398,-0.000000,9622.677246
4017.861571,0.000000,-0.000000,10066.800811
4017.861886,0.000000,-0.000000,9474.636058
4017.862201,383.047749,-296.082377,9178.553681
4017.862516,689.485948,-296.082377,9474.636058
4017.862831,766.095498,-370.102971,9178.553681
4017.863146,842.705048,-296.082377,9104.533087
4017.863461,919.314598,-148.041188,8808.450710
4017.863776,1149.143247,-444.123565,8660.409521
4017.864091,995.924147,-0.000000,8808.450710
4017.864406,842.705048,-444.123565,9104.533087
4017.864721,0.000000,-444.123565,9474.636058
4017.865036,-536.266849,-296.082377,9474.636058
4017.865351,-536.266849,-592.164754,9770.718434
4017.865667,-689.485948,-296.082377,9918.759623
4017.865982,-459.657299,-0.000000,10362.883188
4017.866297,-1072.533697,444.123565,10362.883188
4017.866612,-842.705048,-0.000000,10066.800811
4017.866927,-383.047749,444.123565,9844.739029
4017.867242,-229.828649,814.226536,9770.718434
4017.867557,0.000000,666.185348,9696.697840
4017.867872,0.000000,518.144159,9770.718434
4017.868187,-229.828649,444.123565,9622.677246
4017.868502,306.438199,-0.000000,9548.656652
4017.868817,383.047749,-148.041188,9696.697840
4017.869132,919.314598,-148.041188,9770.718434
4017.869447,1072.533697,-370.102971,9548.656652
4017.869762,1072.533697,-444.123565,9030.512492
4017.870078,1149.143247,-222.061783,9178.553681
4017.870393,1455.581446,-74.020594,9326.594869
4017.870708,1378.971896,370.102971,8660.409521
4017.871023,919.314598,296.082377,8956.491898
4017.871338,919.314598,-0.000000,8808.450710
4017.871653,76.609550,-0.000000,9178.553681
4017.871968,76.609550,-0.000000,9548.656652
4017.872283,-153.219100,-0.000000,10066.800811
4017.872598,-383.047749,296.082377,10362.883188
4017.872913,-689.485948,444.123565,9918.759623
4017.873228,-995.924147,444.123565,10362.883188
4017.873543,-919.314598,370.102971,10140.821405
4017.873858,-612.876398,666.185348,10288.862594
4017.874174,-1225.752797,740.205942,10066.800811
4017.874489,-766.095498,370.102971,9844.739029
4017.874804,-229.828649,518.144159,10066.800811
4017.875119,153.219100,-222.061783,9474.636058
4017.875434,459.657299,-518.144159,9918.759623
4017.875749,536.266849,-222.061783,10288.862594
4017.876064,766.095498,-518.144159,9696.697840
4017.876379,842.705048,-74.020594,9178.553681
4017.876694,1149.143247,-0.000000,8956.491898
4017.877009,995.924147,-0.000000,8660.409521
4017.877324,1378.971896,-0.000000,8290.306550
4017.877639,306.438199,666.185348,8956.491898
4017.877954,383.047749,370.102971,9178.553681
4017.878269,0.000000,370.102971,9252.574275
4017.878585,-306.438199,-0.000000,9622.677246
4017.878900,-612.876398,-0.000000,9770.718434
4017.879215,-766.095498,-0.000000,10066.800811
4017.879530,-842.705048,370.102971,10288.862594
4017.879845,-1302.362347,740.205942,10362.883188
4017.880160,-1072.533697,666.185348,10288.862594
4017.880475,-689.485948,888.247130,10214.842000
4017.880790,-536.266849,962.267725,9844.739029
4017.881105,-383.047749,1110.308913,9622.677246
4017.881420,-383.047749,740.205942,9918.759623
4017.881735,-383.047749,370.102971,9770.718434
4017.882050,0.000000,148.041188,9918.759623
4017.882365,689.485948,-0.000000,9548.656652
4017.882681,689.485948,-222.061783,9622.677246
4017.882996,1072.533697,-148.041188,9400.615463
4017.883311,1072.533697,-222.061783,9474.636058
4017.883626,1149.143247,-0.000000,8512.368333
4017.883941,1532.190996,74.020594,8586.388927
4017.884256,1149.143247,222.061783,8808.450710
4017.884571,689.485948,-0.000000,8734.430116
4017.884886,612.876398,296.082377,8956.491898
4017.885201,229.828649,222.061783,9474.636058
4017.885516,0.000000,-74.020594,9844.739029
4017.885831,0.000000,-0.000000,9844.739029
4017.886146,-459.657299,222.061783,10140.821405
4017.886461,-766.095498,148.041188,10214.842000
4017.886777,-766.095498,296.082377,10066.800811
4017.887092,-842.705048,222.061783,9844.739029
4017.887407,-383.047749,518.144159,10066.800811
4017.887722,-153.219100,592.164754,9918.759623
4017.888037,-229.828649,444.123565,9696.697840
4017.888352,306.438199,222.061783,9696.697840
4017.888667,306.438199,-0.000000,9844.739029
4017.888982,612.876398,-74.020594,9548.656652
4017.889297,995.924147,-222.061783,9770.718434
4017.889612,919.314598,-148.041188,9326.594869
4017.889927,1225.752797,-0.000000,9104.533087
4017.890242,1072.533697,222.061783,9030.512492
4017.890557,1455.581446,-0.000000,8882.471304
4017.890872,1302.362347,-0.000000,9474.636058
4017.891188,459.657299,-0.000000,8956.491898
4017.891503,0.000000,-0.000000,8882.471304
4017.891818,0.000000,-0.000000,9548.656652
4017.892133,-612.876398,-0.000000,9770.718434
4017.892448,-689.485948,-148.041188,10066.800811
4017.892763,-919.314598,-74.020594,10066.800811
4017.893078,-1072.533697,-0.000000,10140.821405
4017.893393,-1225.752797,444.123565,9622.677246
4017.893708,-842.705048,666.185348,9696.697840
4017.894023,-612.876398,518.144159,9992.780217
4017.894338,-689.485948,814.226536,9696.697840
4017.894653,0.000000,-0.000000,9474.636058
4017.894968,0.000000,370.102971,9474.636058
4017.895284,0.000000,-0.000000,9992.780217
4017.895599,76.609550,-296.082377,9474.636058
4017.895914,612.876398,-444.123565,9400.615463
4017.896229,995.924147,-518.144159,9548.656652
4017.896544,995.924147,-222.061783,9104.533087
4017.896859,1225.752797,-370.102971,9030.512492
4017.897174,842.705048,-444.123565,9104.533087
4017.897489,995.924147,-148.041188,8586.388927
4017.897804,1072.533697,-74.020594,8512.368333
4017.898119,612.876398,-0.000000,9030.512492
4017.898434,229.828649,-0.000000,9474.636058
4017.898749,0.000000,-0.000000,9326.594869
4017.899064,-306.438199,-222.061783,9622.677246
4017.899379,-612.876398,-0.000000,9992.780217
4017.899695,-536.266849,444.123565,10436.903782
4017.900010,-919.314598,-0.000000,10140.821405
4017.900325,-1072.533697,222.061783,10066.800811
4017.900640,-766.095498,814.226536,10881.027347
4017.900955,-383.047749,740.205942,10214.842000
4017.901270,-306.438199,592.164754,9918.759623
4017.901585,0.000000,296.082377,10214.842000
4017.901900,0.000000,666.185348,9770.718434
4017.902215,459.657299,370.102971,9252.574275
4017.902530,919.314598,-74.020594,9178.553681
4017.902845,842.705048,148.041188,9696.697840
4017.903160,995.924147,-0.000000,9474.636058
4017.903475,1072.533697,-370.102971,9030.512492
4017.903791,1455.581446,-444.123565,8882.471304
4017.904106,1608.800546,-74.020594,8808.450710
4017.904421,1302.362347,-0.000000,9030.512492
4017.904736,919.314598,-0.000000,8808.450710
4017.905051,1225.752797,148.041188,9326.594869
4017.905366,153.219100,222.061783,9252.574275
4017.905681,-229.828649,-0.000000,9400.615463
4017.905996,0.000000,-0.000000,9918.759623
4017.906311,0.000000,-0.000000,9844.739029
4017.906626,-612.876398,296.082377,9770.718434
4017.906941,-766.095498,444.123565,9918.759623
4017.907256,-383.047749,666.185348,9844.739029
4017.907571,-536.266849,592.164754,9770.718434
4017.907887,-306.438199,518.144159,9844.739029
4017.908202,-306.438199,222.061783,10066.800811
4017.908517,-612.876398,-74.020594,9696.697840
4017.908832,0.000000,-0.000000,9918.759623
4017.909147,0.000000,-296.082377,10140.821405
4017.909462,229.828649,-222.061783,9844.739029
4017.909777,459.657299,-444.123565,9622.677246
4017.910092,995.924147,-296.082377,9400.615463
4017.910407,1072.533697,-74.020594,9400.615463
4017.910722,1225.752797,-0.000000,8882.471304
4017.911037,1149.143247,222.061783,8512.368333
4017.911352,995.924147,-0.000000,9030.512492
4017.911667,766.095498,-0.000000,8808.450710
4017.911982,76.609550,296.082377,9474.636058
4017.912298,-612.876398,-148.041188,9696.697840
4017.912613,-995.924147,-74.020594,9844.739029
4017.912928,-1302.362347,444.123565,10214.842000
4017.913243,-1302.362347,-74.020594,10140.821405
4017.913558,-1532.190996,-0.000000,10658.965565
4017.913873,-1378.971896,444.123565,10510.924376
4017.914188,-1072.533697,666.185348,10066.800811
4017.914503,-612.876398,592.164754,9548.656652
4017.914818,-536.266849,962.267725,9770.718434
4017.915133,-306.438199,740.205942,9918.759623
4017.915448,0.000000,296.082377,9400.615463
4017.915763,536.266849,-74.020594,10066.800811
4017.916078,459.657299,-0.000000,9696.697840
4017.916394,766.095498,-0.000000,9474.636058
4017.916709,1149.143247,-148.041188,9400.615463
4017.917024,1302.362347,-296.082377,9252.574275
4017.917339,1455.581446,-592.164754,9030.512492
4017.917654,1302.362347,-222.061783,8438.347739
4017.917969,1072.533697,-74.020594,8586.388927
4017.918284,536.266849,148.041188,8956.491898
4017.918599,459.657299,-74.020594,9104.533087
4017.918914,0.000000,-0.000000,9104.533087
4017.919229,-229.828649,-222.061783,9474.636058
4017.919544,-306.438199,-0.000000,9770.718434
4017.919859,-459.657299,296.082377,10140.821405
4017.920174,-536.266849,814.226536,10214.842000
4017.920489,-842.705048,888.247130,10140.821405
4017.920805,-689.485948,592.164754,9918.759623
4017.921120,-229.828649,740.205942,9992.780217
4017.921435,0.000000,518.144159,10288.862594
4017.921750,-306.438199,518.144159,9474.636058
4017.922065,229.828649,592.164754,9918.759623
4017.922380,306.438199,296.082377,10066.800811
4017.922695,766.095498,-74.020594,9844.739029
4017.923010,689.485948,-222.061783,9696.697840
4017.923325,919.314598,-74.020594,9770.718434
4017.923640,995.924147,370.102971,9474.636058
4017.923955,1378.971896,-0.000000,8586.388927
4017.924270,1302.362347,-0.000000,8586.388927
4017.924585,995.924147,-0.000000,8882.471304
4017.924901,459.657299,444.123565,9400.615463
4017.925216,229.828649,-0.000000,9548.656652
4017.925531,-229.828649,518.144159,9696.697840
4017.925846,-383.047749,-0.000000,9770.718434
4017.926161,-459.657299,-0.000000,9992.780217
4017.926476,-919.314598,-148.041188,10584.944971
4017.926791,-1149.143247,518.144159,10362.883188
4017.927106,-919.314598,444.123565,10140.821405
4017.927421,-995.924147,666.185348,10066.800811
4017.927736,-689.485948,518.144159,10510.924376
4017.928051,229.828649,814.226536,9844.739029
4017.928366,0.000000,814.226536,9474.636058
4017.928681,0.000000,814.226536,9696.697840
4017.928997,76.609550,370.102971,9770.718434
4017.929312,306.438199,-74.020594,9548.656652
4017.929627,383.047749,-296.082377,9770.718434
4017.929942,612.876398,-0.000000,9474.636058
4017.930257,919.314598,-74.020594,8734.430116
4017.930572,1149.143247,-222.061783,9252.574275
4017.930887,1302.362347,-74.020594,9104.533087
4017.931202,1149.143247,-0.000000,9252.574275
4017.931517,842.705048,-0.000000,8882.471304
4017.931832,689.485948,-0.000000,8956.491898
4017.932147,0.000000,148.041188,9474.636058
4017.932462,0.000000,-0.000000,9474.636058
4017.932777,-383.047749,-148.041188,10066.800811
4017.933092,-306.438199,-0.000000,10362.883188
4017.933408,-766.095498,-0.000000,10362.883188
4017.933723,-919.314598,222.061783,9992.780217
4017.934038,-1072.533697,222.061783,10066.800811
4017.934353,-383.047749,370.102971,10140.821405
4017.934668,-842.705048,592.164754,9918.759623
4017.934983,-306.438199,814.226536,9622.677246
4017.935298,-306.438199,148.041188,9844.739029
4017.935613,0.000000,-0.000000,9548.656652
4017.935928,229.828649,-74.020594,9622.677246
4017.936243,229.828649,-222.061783,9696.697840
4017.936558,306.438199,-296.082377,9696.697840
4017.936873,919.314598,-444.123565,9474.636058
4017.937188,842.705048,-444.123565,8882.471304
4017.937504,1149.143247,-518.144159,8808.450710
4017.937819,1225.752797,-0.000000,8734.430116
4017.938134,1378.971896,-0.000000,8586.388927
4017.938449,919.314598,-0.000000,9030.512492
4017.938764,919.314598,296.082377,9178.553681
4017.939079,0.000000,-74.020594,9178.553681
4017.939394,153.219100,-148.041188,9770.718434
4017.939709,-306.438199,-74.020594,9992.780217
4017.940024,-383.047749,-222.061783,10066.800811
4017.940339,-306.438199,-0.000000,10066.800811
4017.940654,-383.047749,444.123565,10140.821405
4017.940969,-76.609550,888.247130,9548.656652
4017.941284,-383.047749,592.164754,9622.677246
4017.941599,0.000000,518.144159,9844.739029
4017.941915,0.000000,-0.000000,9844.739029
4017.942230,0.000000,222.061783,9548.656652
4017.942545,229.828649,296.082377,9696.697840
4017.942860,612.876398,222.061783,10140.821405
4017.943175,919.314598,-0.000000,9918.759623
4017.943490,1149.143247,-148.041188,9918.759623
4017.943805,1225.752797,-222.061783,9178.553681
4017.944120,1072.533697,-222.061783,9178.553681
4017.944435,1149.143247,-0.000000,8808.450710
4017.944750,1072.533697,444.123565,8734.430116
4017.945065,842.705048,-296.082377,9326.594869
4017.945380,383.047749,-74.020594,9178.553681
4017.945696,-229.828649,-0.000000,9474.636058
4017.946011,-383.047749,-74.020594,9770.718434
4017.946326,-919.314598,-0.000000,10362.883188
4017.946641,-689.485948,-0.000000,10066.800811
4017.946956,-1149.143247,148.041188,10288.862594
4017.947271,-1302.362347,148.041188,10584.944971
4017.947586,-766.095498,814.226536,10140.821405
4017.947901,-383.047749,1036.288319,9548.656652
4017.948216,-459.657299,740.205942,9696.697840
4017.948532,-459.657299,1036.288319,9770.718434
4017.948847,-306.438199,666.185348,9918.759623
4017.949162,76.609550,222.061783,9548.656652
4017.949477,842.705048,-0.000000,9622.677246
4017.949792,766.095498,-370.102971,8956.491898
4017.950107,383.047749,-148.041188,9474.636058
4017.950422,689.485948,-296.082377,9474.636058
4017.950737,459.657299,-518.144159,8956.491898
4017.951052,842.705048,-444.123565,8734.430116
4017.951367,689.485948,-592.164754,8586.388927
4017.951683,842.705048,-0.000000,9030.512492
4017.951998,612.876398,296.082377,9252.574275
4017.952313,0.000000,296.082377,9252.574275
4017.952628,76.609550,-0.000000,9918.759623
4017.952943,0.000000,-0.000000,9696.697840
4017.953258,0.000000,148.041188,9696.697840
4017.953573,-536.266849,518.144159,10214.842000
4017.953888,-1072.533697,444.123565,10066.800811
4017.954203,-842.705048,222.061783,9992.780217
4017.954519,-1072.533697,296.082377,10066.800811
4017.954834,-842.705048,592.164754,10140.821405
4017.955149,-842.705048,-0.000000,9918.759623
4017.955464,-536.266849,222.061783,9992.780217
4017.955779,153.219100,222.061783,9992.780217
4017.956094,536.266849,-0.000000,9770.718434
4017.956409,766.095498,-0.000000,9548.656652
4017.956724,1072.533697,-0.000000,9548.656652
4017.957039,1225.752797,-0.000000,9178.553681
4017.957355,1455.581446,-0.000000,8808.450710
4017.957670,1455.581446,-0.000000,8586.388927
4017.957985,1685.410096,-148.041188,8586.388927
4017.958300,1378.971896,-0.000000,8882.471304
4017.958615,536.266849,-0.000000,8956.491898
4017.958930,0.000000,-148.041188,9474.636058
4017.959245,0.000000,-0.000000,9474.636058
4017.959560,-76.609550,-148.041188,10066.800811
4017.959875,-459.657299,-296.082377,10140.821405
4017.960190,-612.876398,-0.000000,10436.903782
4017.960506,-1072.533697,296.082377,10066.800811
4017.960821,-612.876398,666.185348,9992.780217
4017.961136,-229.828649,592.164754,10510.924376
4017.961451,153.219100,888.247130,9992.780217
4017.961766,383.047749,740.205942,9844.739029
4017.962081,0.000000,740.205942,9474.636058
4017.962396,153.219100,740.205942,9548.656652
4017.962711,229.828649,148.041188,9696.697840
4017.963026,689.485948,-74.020594,9548.656652
4017.963342,459.657299,-666.185348,9474.636058
4017.963657,612.876398,-296.082377,9400.615463
4017.963972,842.705048,-74.020594,9400.615463
4017.964287,842.705048,-222.061783,8882.471304
4017.964602,689.485948,-370.102971,9104.533087
4017.964917,536.266849,-370.102971,8882.471304
4017.965232,612.876398,222.061783,9030.512492
4017.965547,153.219100,148.041188,9326.594869
4017.965862,0.000000,296.082377,9474.636058
4017.966177,-383.047749,296.082377,9918.759623
4017.966493,-229.828649,-0.000000,9918.759623
4017.966808,-536.266849,222.061783,10214.842000
4017.967123,-612.876398,296.082377,10214.842000
4017.967438,-1149.143247,592.164754,10510.924376
4017.967753,-1149.143247,370.102971,10436.903782
4017.968068,-919.314598,592.164754,9992.780217
4017.968383,-306.438199,592.164754,9770.718434
4017.968698,-306.438199,370.102971,9696.697840
4017.969013,0.000000,-0.000000,9918.759623
4017.969329,-229.828649,-74.020594,10066.800811
4017.969644,459.657299,-296.082377,9770.718434
4017.969959,689.485948,-0.000000,9474.636058
4017.970274,995.924147,-0.000000,9252.574275
4017.970589,1072.533697,-0.000000,9326.594869
4017.970904,1378.971896,-0.000000,9400.615463
4017.971219,1838.629195,-0.000000,8512.368333
4017.971534,1685.410096,222.061783,8586.388927
4017.971849,1072.533697,-0.000000,8660.409521
4017.972165,1302.362347,-222.061783,9104.533087
4017.972480,229.828649,-0.000000,9252.574275
4017.972795,-306.438199,-222.061783,9326.594869
4017.973110,-306.438199,-0.000000,9696.697840
4017.973425,-229.828649,-0.000000,10066.800811
4017.973740,-536.266849,-0.000000,10362.883188
4017.974055,-919.314598,-0.000000,9918.759623
4017.974370,-919.314598,444.123565,9696.697840
4017.974685,-612.876398,666.185348,10066.800811
4017.975000,-306.438199,592.164754,9992.780217
4017.975316,-383.047749,888.247130,9844.739029
4017.975631,-306.438199,296.082377,9770.718434
4017.975946,0.000000,296.082377,9844.739029
4017.976261,306.438199,296.082377,9844.739029
4017.976576,612.876398,-0.000000,9696.697840
4017.976891,689.485948,-74.020594,9844.739029
4017.977206,1072.533697,-444.123565,9474.636058
4017.977521,842.705048,-0.000000,9326.594869
4017.977836,1455.581446,-74.020594,9104.533087
4017.978152,1608.800546,-74.020594,8808.450710
4017.978467,1302.362347,74.020594,9104.533087
4017.978782,919.314598,-0.000000,8956.491898
4017.979097,536.266849,-0.000000,9030.512492
4017.979412,153.219100,-0.000000,9252.574275
4017.979727,0.000000,148.041188,9474.636058
4017.980042,153.219100,-296.082377,9918.759623
4017.980357,-536.266849,222.061783,9992.780217
4017.980672,-842.705048,296.082377,10066.800811
4017.980987,-995.924147,370.102971,9992.780217
4017.981303,-919.314598,296.082377,10288.862594
4017.981618,-383.047749,592.164754,10066.800811
4017.981933,0.000000,666.185348,9844.739029
4017.982248,-536.266849,740.205942,9918.759623
4017.982563,-306.438199,518.144159,9622.677246
4017.982878,-306.438199,148.041188,9992.780217
4017.983193,153.219100,222.061783,10362.883188
4017.983508,306.438199,-0.000000,9548.656652
4017.983823,689.485948,-0.000000,9326.594869
4017.984139,919.314598,-0.000000,9474.636058
4017.984454,919.314598,-0.000000,9178.553681
4017.984769,919.314598,-74.020594,8438.347739
4017.985084,536.266849,222.061783,8438.347739
4017.985399,306.438199,296.082377,9400.615463
4017.985714,229.828649,-0.000000,9252.574275
4017.986029,0.000000,222.061783,9400.615463
4017.986344,-995.924147,148.041188,9474.636058
4017.986659,-459.657299,-0.000000,9770.718434
4017.986975,-383.047749,-0.000000,9918.759623
4017.987290,-536.266849,444.123565,10288.862594
4017.987605,-1378.971896,666.185348,10288.862594
4017.987920,-383.047749,666.185348,10140.821405
4017.988235,-766.095498,1258.350101,9696.697840
4017.988550,-536.266849,814.226536,10140.821405
4017.988865,-229.828649,814.226536,9918.759623
4017.989180,-306.438199,518.144159,9844.739029
4017.989495,0.000000,222.061783,9548.656652
4017.989810,76.609550,-0.000000,9844.739029
4017.990126,306.438199,-296.082377,9400.615463
4017.990441,459.657299,-222.061783,9474.636058
4017.990756,1072.533697,-370.102971,9622.677246
4017.991071,1302.362347,-444.123565,9030.512492
4017.991386,1378.971896,-0.000000,9030.512492
4017.991701,919.314598,-0.000000,8808.450710
4017.992016,1149.143247,-0.000000,9104.533087
4017.992331,766.095498,148.041188,9178.553681
4017.992646,76.609550,-0.000000,9474.636058
4017.992962,153.219100,-0.000000,9696.697840
4017.993277,0.000000,-148.041188,9622.677246
4017.993592,-229.828649,-148.041188,9918.759623
4017.993907,-306.438199,-0.000000,10510.924376
4017.994222,-1149.143247,-0.000000,9770.718434
4017.994537,-842.705048,148.041188,9992.780217
4017.994852,-612.876398,444.123565,10288.862594
4017.995167,-536.266849,370.102971,9992.780217
4017.995482,-459.657299,444.123565,9622.677246
4017.995797,-612.876398,444.123565,9696.697840
4017.996113,0.000000,370.102971,9696.697840
4017.996428,383.047749,-74.020594,9918.759623
4017.996743,536.266849,-0.000000,9622.677246
4017.997058,536.266849,-0.000000,9474.636058
4017.997373,1302.362347,-444.123565,9178.553681
4017.997688,1072.533697,-222.061783,9030.512492
4017.998003,1225.752797,-0.000000,9030.512492
4017.998318,1225.752797,-0.000000,8734.430116
4017.998633,995.924147,-0.000000,8290.306550
4017.998949,459.657299,370.102971,8438.347739
4017.999264,306.438199,-74.020594,9104.533087
4017.999579,-229.828649,-0.000000,9326.594869
4017.999894,-383.047749,-222.061783,9622.677246
4018.000209,-842.705048,-74.020594,9474.636058
4018.000524,-459.657299,-296.082377,10140.821405
4018.000839,-919.314598,-148.041188,10362.883188
4018.001154,-1149.143247,296.082377,10436.903782
4018.001469,-995.924147,222.061783,10362.883188
4018.001785,-689.485948,222.061783,10066.800811
4018.002100,-306.438199,666.185348,9992.780217
4018.002415,-229.828649,666.185348,9770.718434
4018.002730,0.000000,592.164754,9844.739029
4018.003045,76.609550,444.123565,9696.697840
4018.003360,76.609550,-148.041188,9696.697840
4018.003675,1072.533697,-518.144159,10140.821405
4018.003990,612.876398,-444.123565,9844.739029
4018.004305,766.095498,-296.082377,9178.553681
4018.004620,1149.143247,-222.061783,9474.636058
4018.004936,1225.752797,-222.061783,9030.512492
4018.005251,1378.971896,-74.020594,9178.553681
4018.005566,1225.752797,74.020594,8808.450710
4018.005881,1225.752797,-0.000000,8956.491898
4018.006196,459.657299,444.123565,9178.553681
4018.006511,383.047749,296.082377,9400.615463
4018.006826,229.828649,-222.061783,9474.636058
4018.007141,0.000000,148.041188,10066.800811
4018.007456,-536.266849,-0.000000,10214.842000
4018.007772,-842.705048,370.102971,10066.800811
4018.008087,-229.828649,370.102971,10214.842000
4018.008402,-612.876398,666.185348,10214.842000
4018.008717,-689.485948,518.144159,10214.842000
4018.009032,-383.047749,814.226536,10140.821405
4018.009347,-383.047749,370.102971,9992.780217
4018.009662,0.000000,444.123565,9918.759623
4018.009977,0.000000,-222.061783,9696.697840
4018.010292,612.876398,-74.020594,9548.656652
4018.010608,995.924147,-0.000000,9622.677246
4018.010923,842.705048,-0.000000,9400.615463
4018.011238,842.705048,-222.061783,8734.430116
4018.011553,1532.190996,-74.020594,8660.409521
4018.011868,1149.143247,-296.082377,8364.327145
4018.012183,919.314598,-0.000000,8734.430116
4018.012498,306.438199,-222.061783,9104.533087
4018.012813,0.000000,-370.102971,8956.491898
4018.013128,-612.876398,-74.020594,9252.574275
4018.013443,-536.266849,-666.185348,9474.636058
4018.013759,-612.876398,-222.061783,9918.759623
4018.014074,-689.485948,-148.041188,10066.800811
4018.014389,-689.485948,-0.000000,10362.883188
4018.014704,-842.705048,592.164754,10140.821405
4018.015019,-842.705048,518.144159,9622.677246
4018.015334,-383.047749,592.164754,9696.697840
4018.015649,-459.657299,592.164754,9474.636058
4018.015964,-306.438199,444.123565,10214.842000
4018.016279,-153.219100,370.102971,9844.739029
4018.016595,0.000000,148.041188,9844.739029
4018.016910,76.609550,148.041188,9770.718434
4018.017225,612.876398,-0.000000,9474.636058
4018.017540,612.876398,-222.061783,9474.636058
4018.017855,919.314598,-148.041188,9400.615463
4018.018170,1149.143247,-296.082377,9326.594869
4018.018485,1532.190996,-0.000000,8734.430116
4018.018800,1225.752797,444.123565,8882.471304
4018.019115,1225.752797,518.144159,9030.512492
4018.019430,995.924147,814.226536,9474.636058
4018.019746,306.438199,814.226536,9104.533087
4018.020061,-306.438199,370.102971,9474.636058
4018.020376,-383.047749,296.082377,9622.677246
4018.020691,-383.047749,148.041188,9844.739029
4018.021006,-766.095498,740.205942,10288.862594
4018.021321,-1302.362347,444.123565,10584.944971
4018.021636,-1302.362347,740.205942,10362.883188
4018.021951,-919.314598,592.164754,10510.924376
4018.022266,-919.314598,814.226536,10214.842000
4018.022582,-459.657299,740.205942,10362.883188
4018.022897,-536.266849,666.185348,10066.800811
4018.023212,-536.266849,148.041188,10288.862594
4018.023527,0.000000,-0.000000,9844.739029
4018.023842,383.047749,-0.000000,9474.636058
4018.024157,1225.752797,-0.000000,9696.697840
4018.024472,1149.143247,-74.020594,9326.594869
4018.024787,1378.971896,-74.020594,8808.450710
4018.025102,1149.143247,-296.082377,8882.471304
4018.025418,1149.143247,-148.041188,8882.471304
4018.025733,766.095498,-0.000000,9178.553681
4018.026048,306.438199,-222.061783,9326.594869
4018.026363,0.000000,-74.020594,9326.594869
4018.026678,0.000000,-444.123565,9400.615463
4018.026993,-383.047749,-370.102971,10140.821405
4018.027308,-459.657299,-74.020594,10140.821405
4018.027623,-612.876398,222.061783,10510.924376
4018.027938,-766.095498,518.144159,10362.883188
4018.028253,-536.266849,666.185348,10510.924376
4018.028569,-229.828649,740.205942,9474.636058
4018.028884,-306.438199,962.267725,9992.780217
4018.029199,0.000000,666.185348,9696.697840
4018.029514,-536.266849,740.205942,9696.697840
4018.029829,-153.219100,222.061783,9326.594869
4018.030144,-306.438199,-148.041188,9844.739029
4018.030459,0.000000,-296.082377,9622.677246
4018.030774,306.438199,-518.144159,9474.636058
4018.031089,229.828649,-222.061783,9844.739029
4018.031405,689.485948,-370.102971,8882.471304
4018.031720,842.705048,-222.061783,8660.409521
4018.032035,919.314598,-0.000000,8660.409521
4018.032350,1072.533697,222.061783,8586.388927
4018.032665,995.924147,74.020594,8438.347739
4018.032980,459.657299,592.164754,8512.368333
4018.033295,229.828649,148.041188,9400.615463
4018.033610,153.219100,-0.000000,9252.574275
4018.033925,-383.047749,-148.041188,9474.636058
4018.034240,-689.485948,-0.000000,9918.759623
4018.034556,-1225.752797,-0.000000,10066.800811
4018.034871,-995.924147,-0.000000,9992.780217
4018.035186,-612.876398,74.020594,10140.821405
4018.035501,-536.266849,444.123565,10140.821405
4018.035816,-306.438199,296.082377,9918.759623
4018.036131,0.000000,444.123565,9844.739029
4018.036446,229.828649,296.082377,9844.739029
4018.036761,536.266849,-0.000000,9770.718434
4018.037076,1072.533697,-0.000000,9622.677246
4018.037392,1455.581446,-74.020594,9474.636058
4018.037707,1455.581446,-0.000000,9326.594869
4018.038022,1149.143247,-0.000000,9474.636058
4018.038337,1685.410096,222.061783,9178.553681
4018.038652,2068.457845,-0.000000,9178.553681
4018.038967,1302.362347,-74.020594,9030.512492
4018.039282,995.924147,148.041188,9474.636058
4018.039597,689.485948,-370.102971,9992.780217
4018.039912,-229.828649,-222.061783,9696.697840
4018.040228,153.219100,-148.041188,9918.759623
4018.040543,-459.657299,-222.061783,10288.862594
4018.040858,-306.438199,296.082377,10881.027347
4018.041173,-383.047749,370.102971,10288.862594
4018.041488,-766.095498,888.247130,9844.739029
4018.041803,-766.095498,962.267725,10140.821405
4018.042118,0.000000,888.247130,9474.636058
4018.042433,76.609550,962.267725,9622.677246
4018.042748,0.000000,518.144159,9474.636058
4018.043063,-306.438199,518.144159,9474.636058
4018.043379,-459.657299,148.041188,9696.697840
4018.043694,-306.438199,-370.102971,9844.739029
4018.044009,306.438199,-370.102971,10140.821405
4018.044324,229.828649,-740.205942,9696.697840
4018.044639,842.705048,-814.226536,8808.450710
4018.044954,766.095498,-666.185348,9252.574275
4018.045269,919.314598,-296.082377,8808.450710
4018.045584,1149.143247,-0.000000,8586.388927
4018.045899,919.314598,-0.000000,8142.265362
4018.046215,1149.143247,296.082377,8808.450710
4018.046530,536.266849,148.041188,8586.388927
4018.046845,229.828649,296.082377,8882.471304
4018.047160,0.000000,-296.082377,9474.636058
4018.047475,-919.314598,-74.020594,9696.697840
4018.047790,-1072.533697,-0.000000,10288.862594
4018.048106,-1225.752797,-74.020594,10140.821405
4018.048421,-1455.581446,-148.041188,9918.759623
4018.048736,-1225.752797,74.020594,10214.842000
4018.049051,-1302.362347,296.082377,10288.862594
4018.049366,-766.095498,148.041188,10140.821405
4018.049681,-766.095498,370.102971,9844.739029
4018.049996,0.000000,518.144159,9844.739029
4018.050312,76.609550,148.041188,10066.800811
4018.050627,842.705048,518.144159,10066.800811
4018.050942,1072.533697,444.123565,9622.677246
4018.051257,1072.533697,-0.000000,8956.491898
4018.051572,1378.971896,296.082377,9400.615463
4018.051887,1378.971896,296.082377,8660.409521
4018.052203,1149.143247,444.123565,8438.347739
4018.052518,842.705048,296.082377,9104.533087
4018.052833,612.876398,222.061783,9252.574275
4018.053148,0.000000,296.082377,9400.615463
4018.053463,-459.657299,-0.000000,9474.636058
4018.053778,-689.485948,-222.061783,9770.718434
4018.054093,-612.876398,-0.000000,10140.821405
4018.054409,-842.705048,444.123565,10288.862594
4018.054724,-995.924147,666.185348,10732.986159
4018.055039,-919.314598,1036.288319,10362.883188
4018.055354,-383.047749,1554.432478,9696.697840
4018.055669,-612.876398,1480.411884,9918.759623
4018.055984,0.000000,1776.494261,9844.739029
4018.056300,229.828649,1406.391290,10214.842000
4018.056615,76.609550,888.247130,9992.780217
4018.056930,766.095498,370.102971,10066.800811
4018.057245,536.266849,148.041188,10066.800811
4018.057560,536.266849,-0.000000,9696.697840
4018.057875,689.485948,-222.061783,10288.862594
4018.058191,612.876398,-370.102971,9474.636058
4018.058506,689.485948,-148.041188,9178.553681
4018.058821,1455.581446,-296.082377,8734.430116
4018.059136,1532.190996,-0.000000,8808.450710
4018.059451,1225.752797,222.061783,8882.471304
4018.059766,919.314598,148.041188,9178.553681
4018.060081,689.485948,666.185348,9474.636058
4018.060397,306.438199,370.102971,9474.636058
4018.060712,153.219100,296.082377,9992.780217
4018.061027,0.000000,296.082377,10288.862594
4018.061342,-383.047749,148.041188,10436.903782
4018.061657,-766.095498,-0.000000,10436.903782
4018.061972,-995.924147,370.102971,10510.924376
4018.062288,-1072.533697,222.061783,10362.883188
4018.062603,-766.095498,296.082377,10140.821405
4018.062918,-459.657299,-0.000000,9844.739029
4018.063233,0.000000,-0.000000,10214.842000
4018.063548,-306.438199,-74.020594,9918.759623
4018.063863,0.000000,-74.020594,9770.718434
4018.064178,612.876398,-444.123565,9474.636058
4018.064494,689.485948,-518.144159,9326.594869
4018.064809,1302.362347,-296.082377,8808.450710
4018.065124,919.314598,-518.144159,8438.347739
4018.065439,1302.362347,-518.144159,8290.306550
4018.065754,1225.752797,-296.082377,8290.306550
4018.066069,766.095498,-222.061783,8216.285956
4018.066385,919.314598,-296.082377,8512.368333
4018.066700,0.000000,-296.082377,8660.409521
4018.067015,-689.485948,-518.144159,9178.553681
4018.067330,-536.266849,-666.185348,9548.656652
4018.067645,-766.095498,-740.205942,9770.718434
4018.067960,-1149.143247,-518.144159,9770.718434
4018.068275,-995.924147,-148.041188,9992.780217
4018.068591,-1072.533697,-0.000000,10066.800811
4018.068906,-689.485948,148.041188,9770.718434
4018.069221,-383.047749,370.102971,9918.759623
4018.069536,0.000000,-0.000000,9548.656652
4018.069851,-306.438199,-0.000000,9696.697840
4018.070166,0.000000,444.123565,9770.718434
4018.070482,76.609550,-74.020594,9622.677246
4018.070797,306.438199,-518.144159,9770.718434
4018.071112,459.657299,-296.082377,9918.759623
4018.071427,842.705048,-296.082377,9548.656652
4018.071742,919.314598,-370.102971,9474.636058
4018.072057,1302.362347,-222.061783,9474.636058
4018.072372,995.924147,-444.123565,9326.594869
4018.072688,1072.533697,148.041188,9252.574275
4018.073003,1149.143247,296.082377,8956.491898
4018.073318,766.095498,370.102971,9474.636058
4018.073633,306.438199,518.144159,9474.636058
4018.073948,0.000000,222.061783,9696.697840
4018.074263,0.000000,222.061783,9918.759623
4018.074579,-229.828649,666.185348,10140.821405
4018.074894,-689.485948,592.164754,10510.924376
4018.075209,-766.095498,-0.000000,10510.924376
4018.075524,-612.876398,518.144159,10214.842000
4018.075839,-766.095498,1110.308913,10362.883188
4018.076154,0.000000,740.205942,10214.842000
4018.076469,0.000000,814.226536,10140.821405
4018.076785,-153.219100,666.185348,9918.759623
4018.077100,0.000000,444.123565,9770.718434
4018.077415,459.657299,370.102971,9474.636058
4018.077730,689.485948,222.061783,9622.677246
4018.078045,1149.143247,-0.000000,9252.574275
4018.078360,1225.752797,-0.000000,9252.574275
4018.078676,1302.362347,-148.041188,8438.347739
4018.078991,1302.362347,-296.082377,8586.388927
4018.079306,1455.581446,-0.000000,8882.471304
4018.079621,842.705048,-0.000000,8956.491898
4018.079936,306.438199,-222.061783,9030.512492
4018.080251,-306.438199,222.061783,8882.471304
4018.080566,-229.828649,-0.000000,9770.718434
4018.080882,-229.828649,-74.020594,10362.883188
4018.081197,-612.876398,-0.000000,9770.718434
4018.081512,-766.095498,148.041188,9992.780217
4018.081827,-995.924147,518.144159,9770.718434
4018.082142,-536.266849,1036.288319,9770.718434
4018.082457,-383.047749,962.267725,9770.718434
4018.082773,-383.047749,1110.308913,9844.739029
4018.083088,0.000000,814.226536,10066.800811
4018.083403,-689.485948,740.205942,9548.656652
4018.083718,-383.047749,592.164754,9474.636058
4018.084033,0.000000,370.102971,10140.821405
4018.084348,459.657299,-0.000000,10140.821405
4018.084663,612.876398,-0.000000,9622.677246
4018.084979,459.657299,-0.000000,9474.636058
4018.085294,612.876398,-222.061783,9326.594869
4018.085609,842.705048,-0.000000,9030.512492
4018.085924,1378.971896,-0.000000,9030.512492
4018.086239,919.314598,444.123565,9030.512492
4018.086554,612.876398,296.082377,8586.388927
4018.086870,766.095498,296.082377,8660.409521
4018.087185,0.000000,518.144159,9326.594869
4018.087500,-229.828649,222.061783,9548.656652
4018.087815,-612.876398,-0.000000,9844.739029
4018.088130,-842.705048,-0.000000,9696.697840
4018.088445,-1149.143247,-0.000000,10362.883188
4018.088760,-766.095498,296.082377,10288.862594
4018.089076,-1149.143247,370.102971,10214.842000
4018.089391,-842.705048,592.164754,9992.780217
4018.089706,-842.705048,518.144159,10140.821405
4018.090021,-383.047749,370.102971,10362.883188
4018.090336,-536.266849,296.082377,10214.842000
4018.090651,0.000000,296.082377,9918.759623
4018.090967,536.266849,-0.000000,9548.656652
4018.091282,766.095498,-0.000000,9622.677246
4018.091597,1072.533697,-74.020594,9474.636058
4018.091912,1302.362347,-148.041188,8882.471304
4018.092227,1302.362347,-0.000000,8512.368333
4018.092542,1072.533697,-148.041188,8808.450710
4018.092857,1149.143247,222.061783,8956.491898
4018.093173,689.485948,-0.000000,9104.533087
4018.093488,612.876398,-0.000000,9474.636058
4018.093803,0.000000,-0.000000,9474.636058
4018.094118,-229.828649,-222.061783,9622.677246
4018.094433,-383.047749,-74.020594,9844.739029
4018.094748,-383.047749,-74.020594,10584.944971
4018.095064,-459.657299,222.061783,10510.924376
4018.095379,-766.095498,444.123565,10066.800811
4018.095694,-612.876398,666.185348,9844.739029
4018.096009,0.000000,962.267725,9992.780217
4018.096324,229.828649,1332.370696,10510.924376
4018.096639,0.000000,814.226536,9918.759623
4018.096954,-306.438199,370.102971,9992.780217
4018.097270,-76.609550,-0.000000,9622.677246
4018.097585,153.219100,-148.041188,9918.759623
4018.097900,306.438199,-518.144159,9770.718434
4018.098215,383.047749,-296.082377,9696.697840
4018.098530,842.705048,-518.144159,9252.574275
4018.098845,842.705048,-370.102971,9030.512492
4018.099161,1378.971896,-148.041188,8586.388927
4018.099476,1532.190996,-296.082377,8290.306550
4018.099791,1685.410096,296.082377,8142.265362
4018.100106,1302.362347,370.102971,8512.368333
4018.100421,766.095498,370.102971,8808.450710
4018.100736,76.609550,-0.000000,8586.388927
4018.101051,0.000000,-518.144159,9622.677246
4018.101367,0.000000,-74.020594,9918.759623
4018.101682,-919.314598,-222.061783,9992.780217
4018.101997,-766.095498,-74.020594,10214.842000
4018.102312,-995.924147,-0.000000,10732.986159
4018.102627,-459.657299,-0.000000,10584.944971
4018.102942,-689.485948,222.061783,9770.718434
4018.103258,-383.047749,518.144159,9770.718434
4018.103573,0.000000,592.164754,10214.842000
4018.103888,153.219100,296.082377,9844.739029
4018.104203,459.657299,444.123565,9844.739029
4018.104518,995.924147,-0.000000,9770.718434
4018.104833,1225.752797,-0.000000,9030.512492
4018.105148,919.314598,-0.000000,9178.553681
4018.105464,1225.752797,-0.000000,9326.594869
4018.105779,1072.533697,-74.020594,9252.574275
4018.106094,995.924147,-222.061783,8808.450710
4018.106409,689.485948,-0.000000,8882.471304
4018.106724,229.828649,-0.000000,9400.615463
4018.107039,0.000000,222.061783,9622.677246
4018.107355,-766.095498,-0.000000,9696.697840
4018.107670,-1378.971896,-222.061783,9770.718434
4018.107985,-995.924147,-296.082377,10214.842000
4018.108300,-1072.533697,74.020594,10362.883188
4018.108615,-1072.533697,518.144159,10066.800811
4018.108930,-1149.143247,888.247130,10288.862594
4018.109246,-306.438199,1258.350101,9770.718434
4018.109561,-612.876398,1332.370696,9696.697840
4018.109876,-383.047749,1332.370696,9622.677246
4018.110191,-306.438199,814.226536,9474.636058
4018.110506,-383.047749,740.205942,9326.594869
4018.110821,0.000000,-370.102971,9770.718434
4018.111136,229.828649,-296.082377,10140.821405
4018.111452,229.828649,-592.164754,9400.615463
4018.111767,536.266849,-444.123565,9326.594869
4018.112082,919.314598,-370.102971,9474.636058
4018.112397,1149.143247,-518.144159,8586.388927
4018.112712,1532.190996,-222.061783,8586.388927
4018.113027,1685.410096,222.061783,8364.327145
4018.113343,1378.971896,370.102971,8808.450710
4018.113658,1072.533697,592.164754,8882.471304
4018.113973,383.047749,296.082377,8734.430116
4018.114288,0.000000,-74.020594,9548.656652
4018.114603,76.609550,-296.082377,9770.718434
4018.114918,-459.657299,-148.041188,10362.883188
4018.115233,-1225.752797,-74.020594,10658.965565
4018.115549,-1302.362347,-0.000000,10584.944971
4018.115864,-995.924147,148.041188,10436.903782
4018.116179,-766.095498,-0.000000,10584.944971
4018.116494,-536.266849,370.102971,10510.924376
4018.116809,-612.876398,296.082377,9844.739029
4018.117124,0.000000,444.123565,9770.718434
4018.117440,229.828649,444.123565,9918.759623
4018.117755,612.876398,370.102971,9844.739029
4018.118070,766.095498,-0.000000,9622.677246
4018.118385,1149.143247,-296.082377,9548.656652
4018.118700,1378.971896,-444.123565,9104.533087
4018.119015,1225.752797,-592.164754,8956.491898
4018.119330,1532.190996,-296.082377,8882.471304
4018.119646,1302.362347,-74.020594,8734.430116
4018.119961,766.095498,-444.123565,8364.327145
4018.120276,383.047749,-444.123565,8586.388927
4018.120591,229.828649,-296.082377,9326.594869
4018.120906,0.000000,-518.144159,9474.636058
4018.121221,-306.438199,-592.164754,9400.615463
4018.121537,-536.266849,-370.102971,9992.780217
4018.121852,-766.095498,-0.000000,10140.821405
4018.122167,-689.485948,370.102971,9548.656652
4018.122482,-689.485948,222.061783,9548.656652
4018.122797,-536.266849,296.082377,9474.636058
4018.123112,-306.438199,1036.288319,9696.697840
4018.123427,0.000000,814.226536,9548.656652
4018.123743,-459.657299,518.144159,9696.697840
4018.124058,-459.657299,370.102971,9992.780217
4018.124373,0.000000,-0.000000,9770.718434
4018.124688,306.438199,-370.102971,9474.636058
4018.125003,153.219100,-74.020594,9918.759623
4018.125318,459.657299,-148.041188,9770.718434
4018.125634,536.266849,-0.000000,9178.553681
4018.125949,919.314598,-148.041188,9030.512492
4018.126264,1225.752797,-148.041188,9104.533087
4018.126579,1225.752797,666.185348,8512.368333
4018.126894,536.266849,444.123565,9030.512492
4018.127209,306.438199,740.205942,9474.636058
4018.127524,-229.828649,814.226536,9252.574275
4018.127840,-383.047749,592.164754,9622.677246
4018.128155,-459.657299,296.082377,10140.821405
4018.128470,-766.095498,222.061783,10436.903782
4018.128785,-1149.143247,518.144159,10658.965565
4018.129100,-1991.848295,666.185348,10584.944971
4018.129415,-1838.629195,888.247130,10436.903782
4018.129731,-842.705048,1184.329507,10362.883188
4018.130046,-383.047749,1110.308913,10140.821405
4018.130361,0.000000,888.247130,10066.800811
4018.130676,0.000000,962.267725,9992.780217
4018.130991,383.047749,1036.288319,9474.636058
4018.131306,689.485948,666.185348,9622.677246
4018.131621,919.314598,148.041188,9400.615463
4018.131937,1225.752797,370.102971,9474.636058
4018.132252,1072.533697,222.061783,9030.512492
4018.132567,1225.752797,222.061783,9326.594869
4018.132882,1302.362347,-0.000000,8586.388927
4018.133197,919.314598,296.082377,8438.347739
4018.133512,612.876398,-0.000000,8956.491898
4018.133828,76.609550,-444.123565,9326.594869
4018.134143,0.000000,-0.000000,9696.697840
4018.134458,0.000000,-74.020594,9844.739029
4018.134773,-229.828649,-0.000000,10214.842000
4018.135088,-536.266849,222.061783,10066.800811
4018.135403,-306.438199,592.164754,9696.697840
4018.135718,-612.876398,740.205942,10140.821405
4018.136034,-229.828649,962.267725,10140.821405
4018.136349,0.000000,1036.288319,9918.759623
4018.136664,0.000000,814.226536,9696.697840
4018.136979,0.000000,296.082377,9548.656652
4018.137294,-229.828649,296.082377,9844.739029
4018.137609,-153.219100,-0.000000,10214.842000
4018.137925,0.000000,-444.123565,10288.862594
4018.138240,0.000000,-740.205942,9918.759623
4018.138555,612.876398,-666.185348,9770.718434
4018.138870,689.485948,-592.164754,9474.636058
4018.139185,1378.971896,-148.041188,9252.574275
4018.139500,1378.971896,-370.102971,8808.450710
4018.139815,1685.410096,-74.020594,8512.368333
4018.140131,1532.190996,-0.000000,8734.430116
4018.140446,1225.752797,-148.041188,8586.388927
4018.140761,536.266849,-0.000000,8808.450710
4018.141076,0.000000,-74.020594,9474.636058
4018.141391,-459.657299,-814.226536,9696.697840
4018.141706,-383.047749,-222.061783,9918.759623
4018.142022,-919.314598,-518.144159,10288.862594
4018.142337,-995.924147,-370.102971,10362.883188
4018.142652,-1072.533697,-148.041188,10288.862594
4018.142967,-842.705048,222.061783,10214.842000
4018.143282,-689.485948,-0.000000,9918.759623
4018.143597,-459.657299,-0.000000,9770.718434
4018.143912,-306.438199,148.041188,9474.636058
4018.144228,0.000000,222.061783,9400.615463
4018.144543,229.828649,-74.020594,9400.615463
4018.144858,612.876398,-148.041188,9474.636058
4018.145173,536.266849,-222.061783,9178.553681
4018.145488,1072.533697,-148.041188,9474.636058
4018.145803,1072.533697,-0.000000,9104.533087
4018.146119,919.314598,-518.144159,8512.368333
4018.146434,995.924147,-74.020594,8734.430116
4018.146749,842.705048,-148.041188,9030.512492
4018.147064,536.266849,-148.041188,9104.533087
4018.147379,-383.047749,-148.041188,9474.636058
4018.147694,0.000000,-0.000000,9622.677246
4018.148009,-383.047749,-222.061783,9770.718434
4018.148325,-383.047749,-74.020594,10436.903782
4018.148640,-995.924147,-0.000000,10362.883188
4018.148955,-536.266849,444.123565,10436.903782
4018.149270,-612.876398,740.205942,10732.986159
4018.149585,-459.657299,740.205942,9844.739029
4018.149900,-229.828649,1184.329507,9918.759623
4018.150216,-229.828649,1184.329507,9696.697840
4018.150531,-229.828649,888.247130,9992.780217
4018.150846,-229.828649,518.144159,10066.800811
4018.151161,0.000000,296.082377,9770.718434
4018.151476,383.047749,-0.000000,9918.759623
4018.151791,76.609550,-0.000000,9696.697840
4018.152107,383.047749,-222.061783,10066.800811
4018.152422,612.876398,-296.082377,9548.656652
4018.152737,689.485948,-74.020594,9030.512492
4018.153052,1072.533697,-0.000000,8882.471304
4018.153367,1225.752797,296.082377,8882.471304
4018.153682,1302.362347,370.102971,8586.388927
4018.153997,995.924147,74.020594,9104.533087
4018.154313,536.266849,814.226536,9030.512492
4018.154628,383.047749,814.226536,9474.636058
4018.154943,0.000000,666.185348,9474.636058
4018.155258,-689.485948,296.082377,9844.739029
4018.155573,-919.314598,222.061783,9918.759623
4018.155888,-919.314598,370.102971,10140.821405
4018.156204,-919.314598,444.123565,10510.924376
4018.156519,-612.876398,592.164754,10362.883188
4018.156834,-689.485948,740.205942,10214.842000
4018.157149,-383.047749,740.205942,9918.759623
4018.157464,0.000000,814.226536,9918.759623
4018.157779,383.047749,814.226536,10288.862594
4018.158095,0.000000,370.102971,9622.677246
4018.158410,766.095498,592.164754,9548.656652
4018.158725,995.924147,370.102971,9326.594869
4018.159040,1455.581446,-0.000000,9326.594869
4018.159355,1378.971896,148.041188,9104.533087
4018.159670,1378.971896,-0.000000,8956.491898
4018.159985,1072.533697,370.102971,8882.471304
4018.160301,766.095498,222.061783,8882.471304
4018.160616,383.047749,-0.000000,9474.636058
4018.160931,-306.438199,-0.000000,9622.677246
4018.161246,-536.266849,-222.061783,9400.615463
4018.161561,-689.485948,-0.000000,9918.759623
4018.161876,-766.095498,-0.000000,10214.842000
4018.162192,-766.095498,-0.000000,10140.821405
4018.162507,-919.314598,-74.020594,10066.800811
4018.162822,-995.924147,740.205942,10066.800811
4018.163137,-919.314598,1036.288319,10436.903782
4018.163452,-689.485948,1258.350101,9770.718434
4018.163767,-689.485948,888.247130,9770.718434
4018.164083,0.000000,518.144159,10362.883188
4018.164398,-612.876398,148.041188,10066.800811
4018.164713,-536.266849,-296.082377,9844.739029
4018.165028,0.000000,-296.082377,10140.821405
4018.165343,0.000000,-518.144159,10214.842000
4018.165658,306.438199,-814.226536,9622.677246
4018.165974,612.876398,-296.082377,9400.615463
4018.166289,995.924147,-222.061783,8882.471304
4018.166604,1149.143247,-296.082377,8586.388927
4018.166919,1685.410096,-0.000000,8586.388927
4018.167234,1455.581446,148.041188,8734.430116
4018.167549,995.924147,-0.000000,9104.533087
4018.167864,766.095498,148.041188,8808.450710
4018.168180,306.438199,-0.000000,9104.533087
4018.168495,0.000000,-370.102971,9918.759623
4018.168810,-383.047749,-148.041188,10066.800811
4018.169125,-766.095498,-518.144159,10140.821405
4018.169440,-1072.533697,-296.082377,10288.862594
4018.169755,-995.924147,-0.000000,10288.862594
4018.170071,-306.438199,-222.061783,10066.800811
4018.170386,0.000000,-0.000000,10288.862594
4018.170701,-306.438199,370.102971,9992.780217
4018.171016,0.000000,592.164754,9622.677246
4018.171331,383.047749,-0.000000,9548.656652
4018.171646,689.485948,-0.000000,9696.697840
4018.171962,1149.143247,-74.020594,9622.677246
4018.172277,1072.533697,-222.061783,9474.636058
4018.172592,1378.971896,-518.144159,9178.553681
4018.172907,1455.581446,-518.144159,9326.594869
4018.173222,1608.800546,-296.082377,8364.327145
4018.173537,842.705048,-444.123565,8364.327145
4018.173852,995.924147,-0.000000,8882.471304
4018.174168,842.705048,-74.020594,8882.471304
4018.174483,76.609550,-296.082377,9104.533087
4018.174798,-383.047749,-444.123565,9474.636058
4018.175113,-229.828649,-296.082377,9622.677246
4018.175428,-536.266849,-222.061783,9622.677246
4018.175743,-995.924147,-0.000000,10288.862594
4018.176059,-1225.752797,222.061783,10436.903782
4018.176374,-1378.971896,592.164754,10214.842000
4018.176689,-1072.533697,370.102971,9844.739029
4018.177004,-689.485948,1110.308913,9918.759623
4018.177319,-459.657299,1184.329507,9918.759623
4018.177634,-306.438199,888.247130,9992.780217
4018.177950,-229.828649,592.164754,9844.739029
4018.178265,76.609550,370.102971,9918.759623
4018.178580,459.657299,222.061783,9474.636058
4018.178895,536.266849,-0.000000,9474.636058
4018.179210,1072.533697,-0.000000,9696.697840
4018.179525,612.876398,-0.000000,9252.574275
4018.179840,919.314598,-0.000000,8734.430116
4018.180156,919.314598,148.041188,8660.409521
4018.180471,612.876398,370.102971,9030.512492
4018.180786,383.047749,-0.000000,8734.430116
4018.181101,0.000000,370.102971,9252.574275
4018.181416,-306.438199,444.123565,9622.677246
4018.181731,-536.266849,148.041188,10140.821405
4018.182047,-459.657299,370.102971,10288.862594
4018.182362,-689.485948,444.123565,10807.006753
4018.182677,-1302.362347,592.164754,10881.027347
4018.182992,-1302.362347,814.226536,10510.924376
4018.183307,-842.705048,1036.288319,10436.903782
4018.183622,-842.705048,888.247130,11029.068536
4018.183938,-229.828649,814.226536,10510.924376
4018.184253,-306.438199,962.267725,9548.656652
4018.184568,0.000000,814.226536,9918.759623
4018.184883,306.438199,592.164754,9844.739029
4018.185198,766.095498,-0.000000,9770.718434
4018.185513,689.485948,-0.000000,9474.636058
4018.185829,1225.752797,-592.164754,9104.533087
4018.186144,1608.800546,-0.000000,9030.512492
4018.186459,1915.238745,-74.020594,8734.430116
4018.186774,1838.629195,-0.000000,8808.450710
4018.187089,1225.752797,-74.020594,8734.430116
4018.187404,1072.533697,-0.000000,8586.388927
4018.187719,766.095498,222.061783,9178.553681
4018.188035,536.266849,370.102971,9178.553681
4018.188350,306.438199,-0.000000,9622.677246
4018.188665,229.828649,370.102971,9696.697840
4018.188980,-229.828649,-0.000000,9844.739029
4018.189295,-306.438199,296.082377,9844.739029
4018.189610,-383.047749,518.144159,9770.718434
4018.189926,-612.876398,444.123565,9992.780217
4018.190241,-536.266849,518.144159,9548.656652
4018.190556,-229.828649,222.061783,9474.636058
4018.190871,-612.876398,296.082377,9918.759623
4018.191186,-766.095498,222.061783,9918.759623
4018.191501,-536.266849,-74.020594,10066.800811
4018.191817,0.000000,-222.061783,9696.697840
4018.192132,153.219100,-148.041188,9844.739029
4018.192447,689.485948,-444.123565,9696.697840
4018.192762,995.924147,-518.144159,9178.553681
4018.193077,842.705048,-370.102971,9252.574275
4018.193392,1378.971896,-74.020594,8438.347739
4018.193707,1455.581446,-0.000000,8586.388927
4018.194023,1072.533697,-0.000000,8586.388927
4018.194338,919.314598,-74.020594,8956.491898
4018.194653,459.657299,-0.000000,9104.533087
4018.194968,-383.047749,-0.000000,9030.512492
4018.195283,-383.047749,-592.164754,9696.697840
4018.195598,-689.485948,-148.041188,9992.780217
4018.195914,-1225.752797,-222.061783,10288.862594
4018.196229,-1149.143247,-74.020594,10732.986159
4018.196544,-1378.971896,148.041188,10214.842000
4018.196859,-612.876398,666.185348,10362.883188
4018.197174,-612.876398,444.123565,10362.883188
4018.197489,-459.657299,592.164754,10140.821405
4018.197805,-536.266849,518.144159,10214.842000
4018.198120,0.000000,518.144159,9844.739029
4018.198435,536.266849,222.061783,9918.759623
4018.198750,306.438199,148.041188,9770.718434
4018.199065,995.924147,-0.000000,9696.697840
4018.199380,995.924147,-148.041188,9474.636058
4018.199695,919.314598,-370.102971,8956.491898
4018.200011,1072.533697,-296.082377,8882.471304
4018.200326,995.924147,-74.020594,8438.347739
4018.200641,995.924147,-148.041188,8956.491898
4018.200956,612.876398,-0.000000,9104.533087
4018.201271,689.485948,-296.082377,9326.594869
4018.201586,0.000000,-370.102971,9844.739029
4018.201902,-306.438199,-74.020594,9770.718434
4018.202217,-766.095498,-0.000000,9992.780217
4018.202532,-306.438199,370.102971,10214.842000
4018.202847,-383.047749,-0.000000,10140.821405
4018.203162,-919.314598,370.102971,10288.862594
4018.203477,-612.876398,666.185348,10362.883188
4018.203793,-306.438199,1036.288319,9770.718434
4018.204108,0.000000,666.185348,9844.739029
4018.204423,0.000000,518.144159,9696.697840
4018.204738,-306.438199,444.123565,9696.697840
4018.205053,229.828649,-148.041188,9622.677246
4018.205368,612.876398,-370.102971,10066.800811
4018.205684,612.876398,-222.061783,9696.697840
4018.205999,842.705048,-222.061783,9178.553681
4018.206314,1225.752797,-148.041188,9474.636058
4018.206629,1378.971896,-148.041188,8882.471304
4018.206944,1532.190996,-296.082377,8882.471304
4018.207259,1455.581446,-296.082377,8512.368333
4018.207574,1455.581446,-0.000000,8438.347739
4018.207890,1455.581446,-0.000000,8882.471304
4018.208205,536.266849,148.041188,9104.533087
4018.208520,0.000000,-0.000000,9400.615463
4018.208835,-153.219100,-0.000000,9844.739029
4018.209150,-306.438199,-74.020594,9844.739029
4018.209465,-612.876398,296.082377,10288.862594
4018.209781,-1072.533697,370.102971,10288.862594
4018.210096,-842.705048,740.205942,10510.924376
4018.210411,-919.314598,740.205942,9918.759623
4018.210726,-766.095498,814.226536,9548.656652
4018.211041,-536.266849,740.205942,10066.800811
4018.211356,-612.876398,370.102971,10066.800811
4018.211672,0.000000,296.082377,9918.759623
4018.211987,-229.828649,222.061783,10288.862594
4018.212302,76.609550,-0.000000,9548.656652
4018.212617,689.485948,-0.000000,9400.615463
4018.212932,766.095498,-0.000000,9326.594869
4018.213247,1378.971896,-0.000000,9326.594869
4018.213562,1149.143247,148.041188,8438.347739
4018.213878,1072.533697,-0.000000,8364.327145
4018.214193,766.095498,148.041188,8808.450710
4018.214508,306.438199,-74.020594,9178.553681
4018.214823,0.000000,-0.000000,9400.615463
4018.215138,-842.705048,-444.123565,9400.615463
4018.215453,-536.266849,-370.102971,9918.759623
4018.215769,-842.705048,-74.020594,10214.842000
4018.216084,-995.924147,-0.000000,10140.821405
4018.216399,-1532.190996,444.123565,10436.903782
4018.216714,-1302.362347,740.205942,9992.780217
4018.217029,-995.924147,888.247130,9918.759623
4018.217344,-306.438199,962.267725,10066.800811
4018.217660,-459.657299,666.185348,10140.821405
4018.217975,-536.266849,444.123565,10140.821405
4018.218290,76.609550,666.185348,9770.718434
4018.218605,0.000000,148.041188,10140.821405
4018.218920,306.438199,-148.041188,10140.821405
4018.219235,766.095498,-296.082377,9992.780217
4018.219550,1149.143247,-296.082377,9696.697840
4018.219866,1225.752797,-0.000000,9030.512492
4018.220181,1378.971896,148.041188,9030.512492
4018.220496,1762.019645,-222.061783,8438.347739
4018.220811,1915.238745,-0.000000,8956.491898
4018.221126,1532.190996,296.082377,8586.388927
4018.221441,459.657299,-0.000000,8660.409521
4018.221757,229.828649,-0.000000,9252.574275
4018.222072,383.047749,-0.000000,9770.718434
4018.222387,459.657299,-148.041188,9770.718434
4018.222702,-229.828649,-0.000000,9992.780217
4018.223017,-536.266849,296.082377,9918.759623
4018.223332,-919.314598,666.185348,10066.800811
4018.223648,-459.657299,666.185348,10140.821405
4018.223963,-229.828649,592.164754,10436.903782
4018.224278,-459.657299,962.267725,9770.718434
4018.224593,-306.438199,518.144159,9622.677246
4018.224908,0.000000,444.123565,9992.780217
4018.225223,76.609550,-0.000000,9770.718434
4018.225539,0.000000,-74.020594,10214.842000
4018.225854,229.828649,-0.000000,9474.636058
4018.226169,612.876398,-444.123565,9326.594869
4018.226484,689.485948,-222.061783,9178.553681
4018.226799,689.485948,-444.123565,8882.471304
4018.227114,1072.533697,-518.144159,8734.430116
4018.227429,842.705048,-370.102971,8438.347739
4018.227745,842.705048,-0.000000,8956.491898
4018.228060,459.657299,-148.041188,8956.491898
4018.228375,76.609550,-148.041188,9104.533087
4018.228690,0.000000,-148.041188,9326.594869
4018.229005,-536.266849,-148.041188,9622.677246
4018.229320,-536.266849,-0.000000,10066.800811
4018.229636,-995.924147,-0.000000,10288.862594
4018.229951,-1378.971896,296.082377,10362.883188
4018.230266,-1302.362347,296.082377,10066.800811
4018.230581,-766.095498,740.205942,10362.883188
4018.230896,-766.095498,518.144159,10436.903782
4018.231211,-766.095498,370.102971,9992.780217
4018.231527,-383.047749,296.082377,10214.842000
4018.231842,-383.047749,-0.000000,9548.656652
4018.232157,229.828649,296.082377,9548.656652
4018.232472,536.266849,-0.000000,9992.780217
4018.232787,766.095498,-74.020594,9548.656652
4018.233102,1532.190996,-222.061783,9474.636058
4018.233417,995.924147,-222.061783,9326.594869
4018.233733,1072.533697,-370.102971,8660.409521
4018.234048,1532.190996,-148.041188,8660.409521
4018.234363,1149.143247,148.041188,8586.388927
4018.234678,1072.533697,-0.000000,9252.574275
4018.234993,612.876398,370.102971,9178.553681
4018.235308,306.438199,222.061783,8882.471304
4018.235624,0.000000,-74.020594,9474.636058
4018.235939,-229.828649,-0.000000,9918.759623
4018.236254,-689.485948,-0.000000,10214.842000
4018.236569,-612.876398,592.164754,10658.965565
4018.236884,-842.705048,-0.000000,10140.821405
4018.237199,-766.095498,592.164754,10288.862594
4018.237515,-229.828649,962.267725,9992.780217
4018.237830,0.000000,1036.288319,9992.780217
4018.238145,0.000000,888.247130,9696.697840
4018.238460,153.219100,666.185348,9622.677246
4018.238775,536.266849,592.164754,9474.636058
4018.239090,919.314598,222.061783,9622.677246
4018.239405,1072.533697,-0.000000,9474.636058
4018.239721,766.095498,-74.020594,9104.533087
4018.240036,842.705048,-222.061783,9030.512492
4018.240351,1302.362347,-0.000000,8660.409521
4018.240666,1378.971896,-222.061783,8734.430116
4018.240981,1149.143247,-370.102971,9030.512492
4018.241296,766.095498,-222.061783,8660.409521
4018.241612,536.266849,-222.061783,9400.615463
4018.241927,153.219100,-0.000000,9326.594869
4018.242242,0.000000,-0.000000,9844.739029
4018.242557,0.000000,370.102971,9770.718434
4018.242872,-842.705048,518.144159,9696.697840
4018.243187,-766.095498,370.102971,10510.924376
4018.243503,-919.314598,888.247130,10510.924376
4018.243818,-766.095498,888.247130,10362.883188
4018.244133,-459.657299,814.226536,10288.862594
4018.244448,-842.705048,666.185348,10362.883188
4018.244763,-689.485948,666.185348,10214.842000
4018.245078,-689.485948,444.123565,10214.842000
4018.245394,-459.657299,-296.082377,10288.862594
4018.245709,0.000000,-666.185348,10214.842000
4018.246024,306.438199,-74.020594,9622.677246
4018.246339,766.095498,-296.082377,9474.636058
4018.246654,689.485948,-148.041188,9326.594869
4018.246969,1225.752797,-222.061783,8956.491898
4018.247284,995.924147,-0.000000,8660.409521
4018.247600,1302.362347,-0.000000,8290.306550
4018.247915,1302.362347,-0.000000,8068.244768
4018.248230,995.924147,-0.000000,8734.430116
4018.248545,689.485948,-0.000000,9104.533087
4018.248860,0.000000,-222.061783,9326.594869
4018.249175,-612.876398,-370.102971,9622.677246
4018.249491,-689.485948,-444.123565,10214.842000
4018.249806,-842.705048,-148.041188,10362.883188
4018.250121,-612.876398,-370.102971,10510.924376
4018.250436,-1072.533697,-0.000000,10510.924376
4018.250751,-766.095498,296.082377,10140.821405
4018.251066,-459.657299,518.144159,9992.780217
4018.251381,-383.047749,814.226536,9622.677246
4018.251697,0.000000,592.164754,9696.697840
4018.252012,0.000000,370.102971,9474.636058
4018.252327,536.266849,-148.041188,9548.656652
4018.252642,1072.533697,-0.000000,9548.656652
4018.252957,919.314598,-148.041188,9474.636058
4018.253272,1302.362347,-444.123565,9400.615463
4018.253587,1225.752797,-222.061783,8882.471304
4018.253903,1225.752797,-296.082377,8734.430116
4018.254218,1149.143247,-74.020594,9030.512492
4018.254533,1455.581446,-74.020594,9104.533087
4018.254848,459.657299,-296.082377,8956.491898
4018.255163,536.266849,-74.020594,9030.512492
4018.255478,0.000000,592.164754,9252.574275
4018.255794,0.000000,222.061783,9770.718434
4018.256109,-383.047749,-0.000000,9696.697840
4018.256424,-612.876398,296.082377,9992.780217
4018.256739,-612.876398,518.144159,10066.800811
4018.257054,-1225.752797,592.164754,10288.862594
4018.257369,-766.095498,888.247130,10214.842000
4018.257684,-995.924147,888.247130,10436.903782
4018.258000,-842.705048,592.164754,9992.780217
4018.258315,-536.266849,518.144159,9844.739029
4018.258630,-383.047749,666.185348,9844.739029
4018.258945,0.000000,-0.000000,10140.821405
4018.259260,0.000000,-0.000000,9918.759623
4018.259575,536.266849,-0.000000,9918.759623
4018.259890,766.095498,-222.061783,9252.574275
4018.260206,995.924147,-0.000000,9104.533087
4018.260521,1072.533697,-0.000000,9326.594869
4018.260836,1302.362347,296.082377,8808.450710
4018.261151,1225.752797,444.123565,8882.471304
4018.261466,995.924147,222.061783,8882.471304
4018.261781,459.657299,370.102971,9326.594869
4018.262097,306.438199,296.082377,9178.553681
4018.262412,-459.657299,-0.000000,9770.718434
4018.262727,-153.219100,-0.000000,9770.718434
4018.263042,-689.485948,-0.000000,10288.862594
4018.263357,-842.705048,296.082377,10510.924376
4018.263672,-689.485948,666.185348,10510.924376
4018.263987,-766.095498,592.164754,10214.842000
4018.264303,-459.657299,1184.329507,10214.842000
4018.264618,-459.657299,1184.329507,9622.677246
4018.264933,0.000000,888.247130,10066.800811
4018.265248,0.000000,740.205942,10140.821405
4018.265563,0.000000,666.185348,9696.697840
4018.265878,153.219100,-0.000000,9622.677246
4018.266193,536.266849,-0.000000,9770.718434
4018.266509,1225.752797,-74.020594,9918.759623
4018.266824,766.095498,-370.102971,9548.656652
4018.267139,612.876398,-370.102971,9252.574275
4018.267454,689.485948,-148.041188,8882.471304
4018.267769,1225.752797,-148.041188,8734.430116
4018.268084,1072.533697,-0.000000,8734.430116
4018.268400,612.876398,-148.041188,9178.553681
4018.268715,153.219100,-74.020594,9178.553681
4018.269030,0.000000,-0.000000,9178.553681
4018.269345,0.000000,-148.041188,9474.636058
4018.269660,-842.705048,-370.102971,9918.759623
4018.269975,-306.438199,-296.082377,9844.739029
4018.270290,-842.705048,-0.000000,9696.697840
4018.270606,-612.876398,296.082377,10066.800811
4018.270921,-536.266849,518.144159,9844.739029
4018.271236,-383.047749,222.061783,9548.656652
4018.271551,-153.219100,370.102971,9844.739029
4018.271866,0.000000,370.102971,9548.656652
4018.272181,76.609550,-0.000000,9622.677246
4018.272496,306.438199,-0.000000,9918.759623
4018.272812,459.657299,-296.082377,9622.677246
4018.273127,919.314598,-222.061783,9400.615463
4018.273442,1149.143247,-296.082377,9326.594869
4018.273757,1225.752797,-296.082377,9178.553681
4018.274072,1838.629195,-296.082377,8882.471304
4018.274387,1378.971896,-370.102971,8734.430116
4018.274703,1378.971896,148.041188,8734.430116
4018.275018,1072.533697,74.020594,9252.574275
4018.275333,842.705048,-0.000000,8956.491898
4018.275648,306.438199,-0.000000,9104.533087
4018.275963,0.000000,-74.020594,9992.780217
4018.276278,-153.219100,-222.061783,10140.821405
4018.276593,-919.314598,-148.041188,10288.862594
4018.276909,-995.924147,-74.020594,10584.944971
4018.277224,-995.924147,-0.000000,10807.006753
4018.277539,-1072.533697,74.020594,10436.903782
4018.277854,-842.705048,592.164754,10288.862594
4018.278169,-919.314598,1036.288319,10362.883188
4018.278484,-383.047749,592.164754,9918.759623
4018.278799,153.219100,666.185348,9696.697840
4018.279115,0.000000,296.082377,9918.759623
4018.279430,153.219100,-0.000000,9844.739029
4018.279745,612.876398,-0.000000,9622.677246
4018.280060,612.876398,-296.082377,9548.656652
4018.280375,995.924147,-222.061783,9400.615463
4018.280690,689.485948,-0.000000,8882.471304
4018.281006,1378.971896,-0.000000,8142.265362
4018.281321,1149.143247,-0.000000,8512.368333
4018.281636,689.485948,148.041188,8438.347739
4018.281951,306.438199,-74.020594,8808.450710
4018.282266,0.000000,-222.061783,8956.491898
4018.282581,-459.657299,-74.020594,9326.594869
4018.282896,-536.266849,-222.061783,9474.636058
4018.283212,-689.485948,-0.000000,9918.759623
4018.283527,-1378.971896,444.123565,10881.027347
4018.283842,-1072.533697,518.144159,10214.842000
4018.284157,-995.924147,740.205942,10066.800811
4018.284472,-459.657299,962.267725,9770.718434
4018.284787,-153.219100,962.267725,9992.780217
4018.285102,-612.876398,1036.288319,9918.759623
4018.285418,-153.219100,814.226536,9992.780217
4018.285733,-306.438199,518.144159,10214.842000
4018.286048,0.000000,148.041188,9918.759623
4018.286363,383.047749,-0.000000,9770.718434
4018.286678,766.095498,-222.061783,9992.780217
4018.286993,919.314598,-148.041188,9696.697840
4018.287309,1149.143247,-0.000000,9400.615463
4018.287624,1072.533697,-0.000000,8956.491898
4018.287939,1302.362347,-0.000000,8734.430116
4018.288254,1302.362347,370.102971,8364.327145
4018.288569,1072.533697,296.082377,8882.471304
4018.288884,459.657299,666.185348,9252.574275
4018.289199,0.000000,222.061783,9104.533087
4018.289515,0.000000,444.123565,9770.718434
4018.289830,-383.047749,296.082377,9844.739029
4018.290145,-459.657299,740.205942,10362.883188
4018.290460,-1302.362347,518.144159,9992.780217
4018.290775,-1149.143247,592.164754,9770.718434
4018.291090,-766.095498,740.205942,10510.924376
4018.291405,-766.095498,888.247130,10140.821405
4018.291721,0.000000,1110.308913,9770.718434
4018.292036,-612.876398,740.205942,10436.903782
4018.292351,-536.266849,518.144159,9918.759623
4018.292666,0.000000,-0.000000,9696.697840
4018.292981,383.047749,-0.000000,9844.739029
4018.293296,1225.752797,-74.020594,9770.718434
4018.293612,842.705048,-0.000000,9178.553681
4018.293927,1072.533697,-0.000000,8808.450710
4018.294242,1455.581446,-0.000000,9252.574275
4018.294557,1762.019645,-0.000000,8364.327145
4018.294872,1455.581446,-0.000000,8438.347739
4018.295187,1072.533697,-222.061783,8586.388927
4018.295502,689.485948,-0.000000,9178.553681
4018.295818,612.876398,-0.000000,9400.615463
4018.296133,229.828649,-444.123565,9474.636058
4018.296448,-229.828649,-222.061783,10362.883188
4018.296763,-306.438199,-74.020594,10140.821405
4018.297078,-612.876398,-0.000000,9992.780217
4018.297393,-995.924147,148.041188,10436.903782
4018.297708,-919.314598,222.061783,10362.883188
4018.298024,-995.924147,666.185348,10140.821405
4018.298339,-383.047749,518.144159,9844.739029
4018.298654,-306.438199,518.144159,10214.842000
4018.298969,-383.047749,370.102971,10288.862594
4018.299284,0.000000,370.102971,10362.883188
4018.299599,0.000000,296.082377,10436.903782
4018.299915,229.828649,-518.144159,9696.697840
4018.300230,536.266849,-296.082377,9548.656652
4018.300545,842.705048,-370.102971,9252.574275
4018.300860,612.876398,-666.185348,9178.553681
4018.301175,995.924147,-370.102971,8660.409521
4018.301490,1149.143247,-222.061783,8660.409521
4018.301805,995.924147,-222.061783,8882.471304
4018.302121,919.314598,-0.000000,8808.450710
4018.302436,0.000000,-222.061783,8364.327145
4018.302751,0.000000,-296.082377,9104.533087
4018.303066,-766.095498,-740.205942,9474.636058
4018.303381,-229.828649,-296.082377,9696.697840
4018.303696,-766.095498,-370.102971,10214.842000
4018.304011,-1302.362347,-518.144159,10288.862594
4018.304327,-995.924147,-0.000000,9844.739029
4018.304642,-383.047749,296.082377,9548.656652
4018.304957,-153.219100,296.082377,10288.862594
4018.305272,-306.438199,222.061783,10066.800811
4018.305587,229.828649,222.061783,9770.718434
4018.305902,0.000000,-0.000000,9474.636058
4018.306218,383.047749,-74.020594,9770.718434
4018.306533,766.095498,-74.020594,9696.697840
4018.306848,1072.533697,-74.020594,9474.636058
4018.307163,1225.752797,-518.144159,9474.636058
4018.307478,1072.533697,-296.082377,8956.491898
4018.307793,1455.581446,-222.061783,8882.471304
4018.308108,1225.752797,-0.000000,8882.471304
4018.308424,1455.581446,-148.041188,8660.409521
4018.308739,995.924147,-0.000000,9104.533087
4018.309054,459.657299,296.082377,8808.450710
4018.309369,306.438199,296.082377,9474.636058
4018.309684,0.000000,222.061783,9696.697840
4018.309999,-383.047749,-222.061783,10214.842000
4018.310314,-306.438199,370.102971,10436.903782
4018.310630,-612.876398,592.164754,10362.883188
4018.310945,-612.876398,962.267725,10584.944971
4018.311260,-689.485948,814.226536,10066.800811
4018.311575,-383.047749,1110.308913,10214.842000
4018.311890,-689.485948,814.226536,10066.800811
4018.312205,-383.047749,814.226536,9844.739029
4018.312521,-306.438199,666.185348,10066.800811
4018.312836,0.000000,444.123565,9770.718434
4018.313151,153.219100,-0.000000,9474.636058
4018.313466,306.438199,222.061783,9400.615463
4018.313781,689.485948,296.082377,9474.636058
4018.314096,842.705048,-0.000000,9252.574275
4018.314411,1455.581446,-296.082377,9104.533087
4018.314727,1378.971896,-0.000000,8586.388927
4018.315042,1072.533697,222.061783,8808.450710
4018.315357,766.095498,444.123565,8882.471304
4018.315672,306.438199,222.061783,9326.594869
4018.315987,0.000000,-0.000000,9548.656652
4018.316302,-459.657299,222.061783,9474.636058
4018.316617,-612.876398,222.061783,9844.739029
4018.316933,-919.314598,222.061783,10066.800811
4018.317248,-1072.533697,222.061783,10362.883188
4018.317563,-689.485948,296.082377,10807.006753
4018.317878,-1378.971896,222.061783,10288.862594
4018.318193,-995.924147,1036.288319,9844.739029
4018.318508,-766.095498,666.185348,10140.821405
4018.318824,-459.657299,814.226536,10288.862594
4018.319139,-229.828649,740.205942,10584.944971
4018.319454,-383.047749,222.061783,9696.697840
4018.319769,0.000000,-0.000000,9770.718434
4018.320084,459.657299,-0.000000,9918.759623
4018.320399,766.095498,-222.061783,10140.821405
4018.320714,459.657299,-0.000000,9326.594869
4018.321030,766.095498,-222.061783,8882.471304
4018.321345,842.705048,-74.020594,8882.471304
4018.321660,1455.581446,-0.000000,8882.471304
4018.321975,766.095498,-0.000000,9030.512492
4018.322290,459.657299,-0.000000,8882.471304
4018.322605,76.609550,-148.041188,9104.533087
4018.322920,229.828649,-74.020594,9030.512492
4018.323236,0.000000,-444.123565,9326.594869
4018.323551,0.000000,-0.000000,9918.759623
4018.323866,-306.438199,518.144159,9548.656652
4018.324181,-536.266849,370.102971,9326.594869
4018.324496,-919.314598,518.144159,9622.677246
4018.324811,-383.047749,518.144159,9696.697840
4018.325127,-383.047749,592.164754,9696.697840
4018.325442,0.000000,518.144159,9474.636058
4018.325757,-612.876398,370.102971,9622.677246
4018.326072,-229.828649,-0.000000,9548.656652
4018.326387,689.485948,-74.020594,9696.697840
4018.326702,459.657299,-148.041188,9770.718434
4018.327017,689.485948,-296.082377,9622.677246
4018.327333,842.705048,-222.061783,9326.594869
4018.327648,1302.362347,-148.041188,9326.594869
4018.327963,1225.752797,-0.000000,9252.574275
4018.328278,1149.143247,-74.020594,9104.533087
4018.328593,1455.581446,-0.000000,8734.430116
4018.328908,1149.143247,-0.000000,8808.450710
4018.329223,919.314598,-0.000000,9326.594869
4018.329539,459.657299,-0.000000,9474.636058
4018.329854,-306.438199,-148.041188,10066.800811
4018.330169,0.000000,-222.061783,10288.862594
4018.330484,-842.705048,-74.020594,10288.862594
4018.330799,-766.095498,-0.000000,10510.924376
4018.331114,-1302.362347,444.123565,10955.047942
4018.331430,-1455.581446,518.144159,10510.924376
4018.331745,-689.485948,740.205942,10140.821405
4018.332060,-459.657299,370.102971,10214.842000
4018.332375,-383.047749,740.205942,10140.821405
4018.332690,-383.047749,370.102971,9918.759623
4018.333005,-229.828649,222.061783,10066.800811
4018.333320,0.000000,-0.000000,10066.800811
4018.333636,459.657299,-0.000000,9844.739029
4018.333951,612.876398,-444.123565,9178.553681
4018.334266,766.095498,-148.041188,9178.553681
4018.334581,766.095498,-296.082377,9030.512492
4018.334896,995.924147,-0.000000,8142.265362
4018.335211,919.314598,-0.000000,8290.306550
4018.335526,766.095498,222.061783,8512.368333
4018.335842,229.828649,-222.061783,8734.430116
4018.336157,0.000000,-0.000000,8660.409521
4018.336472,-459.657299,-74.020594,9104.533087
4018.336787,-459.657299,-222.061783,9622.677246
4018.337102,-689.485948,-0.000000,9770.718434
4018.337417,-842.705048,-296.082377,10140.821405
4018.337733,-995.924147,444.123565,10362.883188
4018.338048,-995.924147,666.185348,9844.739029
4018.338363,-459.657299,740.205942,9918.759623
4018.338678,0.000000,962.267725,9844.739029
4018.338993,-229.828649,666.185348,9622.677246
4018.339308,-153.219100,740.205942,9622.677246
4018.339623,0.000000,666.185348,9622.677246
4018.339939,536.266849,222.061783,9770.718434
4018.340254,612.876398,-0.000000,9474.636058
4018.340569,1072.533697,-148.041188,10214.842000
4018.340884,1072.533697,-370.102971,9696.697840
4018.341199,689.485948,-0.000000,9474.636058
4018.341514,1378.971896,-74.020594,8956.491898
4018.341829,1532.190996,-0.000000,9104.533087
4018.342145,1225.752797,-0.000000,9400.615463
4018.342460,1302.362347,-0.000000,8882.471304
4018.342775,766.095498,296.082377,9104.533087
4018.343090,306.438199,296.082377,9474.636058
4018.343405,229.828649,222.061783,9622.677246
4018.343720,-229.828649,-0.000000,9992.780217
4018.344035,-383.047749,222.061783,10288.862594
4018.344351,-919.314598,444.123565,10510.924376
4018.344666,-919.314598,222.061783,10140.821405
4018.344981,-766.095498,370.102971,10288.862594
4018.345296,-229.828649,-0.000000,10881.027347
4018.345611,-766.095498,444.123565,10066.800811
4018.345926,-536.266849,666.185348,9844.739029
4018.346242,-229.828649,296.082377,10066.800811
4018.346557,0.000000,-0.000000,9622.677246
4018.346872,536.266849,-148.041188,9622.677246
4018.347187,536.266849,-74.020594,9474.636058
4018.347502,995.924147,-148.041188,9400.615463
4018.347817,1149.143247,-0.000000,8808.450710
4018.348132,1225.752797,-0.000000,8512.368333
4018.348448,1455.581446,-296.082377,8586.388927
4018.348763,1149.143247,-0.000000,8364.327145
4018.349078,612.876398,-74.020594,8660.409521
4018.349393,229.828649,-74.020594,9104.533087
4018.349708,0.000000,-0.000000,9400.615463
4018.350023,-1149.143247,-814.226536,9474.636058
4018.350338,-612.876398,-518.144159,9844.739029
4018.350654,-842.705048,-148.041188,10140.821405
4018.350969,-689.485948,222.061783,10066.800811
4018.351284,-1225.752797,222.061783,10140.821405
4018.351599,-842.705048,814.226536,9918.759623
4018.351914,-306.438199,814.226536,9770.718434
4018.352229,-229.828649,888.247130,9844.739029
4018.352544,0.000000,666.185348,9770.718434
4018.352859,-459.657299,592.164754,10288.862594
4018.353175,-995.924147,-0.000000,9918.759623
4018.353490,0.000000,-296.082377,9696.697840
4018.353805,306.438199,-592.164754,10066.800811
4018.354120,306.438199,-666.185348,9770.718434
4018.354435,612.876398,-444.123565,9548.656652
4018.354750,689.485948,-444.123565,9178.553681
4018.355065,995.924147,-222.061783,8808.450710
4018.355381,1072.533697,-222.061783,8512.368333
4018.355696,766.095498,-0.000000,8512.368333
4018.356011,766.095498,-0.000000,9252.574275
4018.356326,153.219100,-0.000000,9104.533087
4018.356641,0.000000,-0.000000,9104.533087
4018.356956,-459.657299,-74.020594,9696.697840
4018.357271,0.000000,-0.000000,9992.780217
4018.357586,-842.705048,-0.000000,10140.821405
4018.357902,-919.314598,518.144159,10066.800811
4018.358217,-919.314598,444.123565,10066.800811
4018.358532,-766.095498,518.144159,9918.759623
4018.358847,-306.438199,444.123565,9844.739029
4018.359162,0.000000,1036.288319,9770.718434
4018.359477,0.000000,592.164754,9770.718434
4018.359792,229.828649,592.164754,9696.697840
4018.360108,612.876398,222.061783,9992.780217
4018.360423,995.924147,-0.000000,10066.800811
4018.360738,1072.533697,-74.020594,9400.615463
4018.361053,995.924147,-0.000000,9104.533087
4018.361368,1302.362347,148.041188,9252.574275
4018.361683,1608.800546,370.102971,8734.430116
4018.361998,1149.143247,444.123565,8956.491898
4018.362313,1378.971896,148.041188,8956.491898
4018.362629,1149.143247,148.041188,8808.450710
4018.362944,459.657299,-0.000000,9030.512492
4018.363259,-229.828649,222.061783,9474.636058
4018.363574,-536.266849,-148.041188,10584.944971
4018.363889,-612.876398,-74.020594,10288.862594
4018.364204,-689.485948,-0.000000,10066.800811
4018.364519,-919.314598,296.082377,10436.903782
4018.364835,-1302.362347,444.123565,10436.903782
4018.365150,-612.876398,296.082377,10362.883188
4018.365465,-383.047749,1184.329507,10214.842000
4018.365780,-306.438199,962.267725,10066.800811
4018.366095,-459.657299,740.205942,9696.697840
4018.366410,-76.609550,814.226536,9548.656652
4018.366725,0.000000,370.102971,10066.800811
4018.367040,383.047749,-0.000000,9770.718434
4018.367356,459.657299,-0.000000,9918.759623
4018.367671,459.657299,-0.000000,9474.636058
4018.367986,995.924147,-222.061783,9326.594869
4018.368301,842.705048,-444.123565,9030.512492
4018.368616,1378.971896,-74.020594,8882.471304
4018.368931,1302.362347,-74.020594,8290.306550
4018.369246,1072.533697,-0.000000,8586.388927
4018.369562,766.095498,148.041188,8734.430116
4018.369877,0.000000,-0.000000,9252.574275
4018.370192,0.000000,370.102971,9178.553681
4018.370507,0.000000,-0.000000,9474.636058
4018.370822,-536.266849,-0.000000,9918.759623
4018.371137,-383.047749,222.061783,10288.862594
4018.371452,-842.705048,370.102971,9918.759623
4018.371768,-689.485948,370.102971,10066.800811
4018.372083,-153.219100,296.082377,10436.903782
4018.372398,-459.657299,444.123565,10436.903782
4018.372713,-383.047749,444.123565,9992.780217
4018.373028,-306.438199,-0.000000,9918.759623
4018.373343,0.000000,-222.061783,10214.842000
4018.373658,383.047749,-74.020594,9992.780217
4018.373973,459.657299,-74.020594,9992.780217
4018.374289,842.705048,-592.164754,9844.739029
4018.374604,1608.800546,-296.082377,9474.636058
4018.374919,1685.410096,296.082377,8734.430116
4018.375234,1455.581446,-148.041188,8660.409521
4018.375549,1455.581446,-370.102971,8586.388927
4018.375864,995.924147,-370.102971,8734.430116
4018.376179,612.876398,-518.144159,8956.491898
4018.376495,229.828649,-370.102971,9252.574275
4018.376810,0.000000,-222.061783,9474.636058
4018.377125,0.000000,-370.102971,9844.739029
4018.377440,-229.828649,-74.020594,10066.800811
4018.377755,-459.657299,-0.000000,10510.924376
4018.378070,-536.266849,-0.000000,9992.780217
4018.378385,-766.095498,296.082377,9918.759623
4018.378700,-306.438199,444.123565,10140.821405
4018.379016,-536.266849,814.226536,9992.780217
4018.379331,-153.219100,370.102971,10214.842000
4018.379646,-153.219100,518.144159,9844.739029
4018.379961,0.000000,296.082377,9844.739029
4018.380276,-229.828649,222.061783,9696.697840
4018.380591,536.266849,-148.041188,9992.780217
4018.380906,612.876398,-148.041188,9770.718434
4018.381222,766.095498,-222.061783,9326.594869
4018.381537,1378.971896,-74.020594,8808.450710
4018.381852,1225.752797,-0.000000,9030.512492
4018.382167,1378.971896,518.144159,8216.285956
4018.382482,1225.752797,222.061783,8438.347739
4018.382797,842.705048,296.082377,8438.347739
4018.383112,612.876398,-0.000000,9252.574275
4018.383427,0.000000,370.102971,9474.636058
4018.383743,-689.485948,-444.123565,9474.636058
4018.384058,-459.657299,-222.061783,10140.821405
4018.384373,-1149.143247,296.082377,10362.883188
4018.384688,-1072.533697,444.123565,10658.965565
4018.385003,-1378.971896,518.144159,10658.965565
4018.385318,-1072.533697,962.267725,10732.986159
4018.385633,-689.485948,1406.391290,10288.862594
4018.385949,-459.657299,1406.391290,10140.821405
4018.386264,-383.047749,1258.350101,10140.821405
4018.386579,-229.828649,814.226536,10140.821405
4018.386894,0.000000,666.185348,9696.697840
4018.387209,459.657299,296.082377,9548.656652
4018.387524,1072.533697,296.082377,9696.697840
4018.387839,766.095498,-148.041188,9622.677246
4018.388154,919.314598,-148.041188,9548.656652
4018.388470,919.314598,-74.020594,9030.512492
4018.388785,1225.752797,-0.000000,8586.388927
4018.389100,1072.533697,-0.000000,8660.409521
4018.389415,842.705048,-74.020594,8882.471304
4018.389730,383.047749,-0.000000,9474.636058
4018.390045,76.609550,-0.000000,9400.615463
4018.390360,-153.219100,-74.020594,9548.656652
4018.390676,-306.438199,-0.000000,9770.718434
4018.390991,-459.657299,222.061783,9474.636058
4018.391306,-1149.143247,444.123565,10510.924376
4018.391621,-1072.533697,592.164754,10288.862594
4018.391936,-995.924147,814.226536,10214.842000
4018.392251,-842.705048,888.247130,9918.759623
4018.392566,-459.657299,962.267725,10214.842000
4018.392881,-459.657299,1480.411884,10362.883188
4018.393197,-229.828649,814.226536,9770.718434
4018.393512,-229.828649,666.185348,9622.677246
4018.393827,76.609550,-0.000000,9770.718434
4018.394142,383.047749,-74.020594,10066.800811
4018.394457,919.314598,-296.082377,9770.718434
4018.394772,919.314598,-148.041188,9474.636058
4018.395087,1072.533697,-0.000000,9030.512492
4018.395403,1302.362347,-0.000000,8586.388927
4018.395718,1302.362347,-0.000000,8586.388927
4018.396033,1302.362347,-74.020594,8660.409521
4018.396348,766.095498,222.061783,8882.471304
4018.396663,383.047749,-0.000000,9104.533087
4018.396978,153.219100,-0.000000,9400.615463
4018.397293,-306.438199,-0.000000,9844.739029
4018.397609,-383.047749,-222.061783,10214.842000
4018.397924,-766.095498,-0.000000,10362.883188
4018.398239,-766.095498,222.061783,10362.883188
4018.398554,-1149.143247,370.102971,10584.944971
4018.398869,-919.314598,296.082377,10510.924376
4018.399184,-842.705048,296.082377,10214.842000
4018.399499,-612.876398,444.123565,10214.842000
4018.399814,-536.266849,296.082377,10066.800811
4018.400130,0.000000,-0.000000,10288.862594
4018.400445,536.266849,-296.082377,9918.759623
4018.400760,459.657299,-222.061783,9622.677246
4018.401075,536.266849,-296.082377,9548.656652
4018.401390,995.924147,-370.102971,9548.656652
4018.401705,1149.143247,-296.082377,9030.512492
4018.402020,1225.752797,-666.185348,8512.368333
4018.402336,1378.971896,-518.144159,8290.306550
4018.402651,1608.800546,-222.061783,8586.388927
4018.402966,919.314598,-74.020594,8586.388927
4018.403281,612.876398,-148.041188,9030.512492
4018.403596,0.000000,-0.000000,9474.636058
4018.403911,0.000000,-148.041188,9326.594869
4018.404226,-536.266849,-222.061783,9252.574275
4018.404541,-766.095498,-296.082377,9770.718434
4018.404857,-1302.362347,444.123565,10510.924376
4018.405172,-1608.800546,444.123565,10436.903782
4018.405487,-1838.629195,888.247130,10066.800811
4018.405802,-1838.629195,1184.329507,10066.800811
4018.406117,-1608.800546,1110.308913,9992.780217
4018.406432,-1685.410096,1110.308913,9844.739029
4018.406747,-842.705048,740.205942,9696.697840
4018.407063,-1762.019645,962.267725,10140.821405
4018.407378,-1149.143247,740.205942,9548.656652
4018.407693,-1225.752797,444.123565,9548.656652
4018.408008,-766.095498,518.144159,9474.636058
4018.408323,-306.438199,592.164754,9178.553681
4018.408638,-536.266849,814.226536,8586.388927
4018.408953,-306.438199,1110.308913,8364.327145
4018.409268,-459.657299,1258.350101,8290.306550
4018.409584,-536.266849,1258.350101,8290.306550
4018.409899,-766.095498,1332.370696,8882.471304
4018.410214,-1225.752797,1480.411884,9252.574275
4018.410529,-1762.019645,1554.432478,9474.636058
4018.410844,-1991.848295,962.267725,10066.800811
4018.411159,-2068.457845,1332.370696,10732.986159
4018.411474,-1762.019645,1628.453072,11251.130318
4018.411790,-2145.067394,1998.556043,10140.821405
4018.412105,-1915.238745,2294.638420,10140.821405
4018.412420,-1762.019645,2812.782580,10288.862594
4018.412735,-1838.629195,2812.782580,9178.553681
4018.413050,-2145.067394,2960.823768,8438.347739
4018.413365,-1685.410096,3552.988522,8660.409521
4018.413680,-1991.848295,3404.947333,9030.512492
4018.413995,-2451.505594,3034.844362,9474.636058
4018.414311,-2834.553343,2516.700203,10066.800811
4018.414626,-3140.991542,1924.535449,11029.068536
4018.414941,-3140.991542,1924.535449,10288.862594
4018.415256,-2987.772442,1850.514855,10436.903782
4018.415571,-2451.505594,2072.576638,10658.965565
4018.415886,-1991.848295,2590.720797,10362.883188
4018.416201,-1532.190996,3330.926739,10066.800811
4018.416517,-1072.533697,4071.132681,9474.636058
4018.416832,-1149.143247,4589.276840,9326.594869
4018.417147,-766.095498,4737.318029,9252.574275
4018.417462,-842.705048,4367.215058,9474.636058
4018.417777,-919.314598,3552.988522,10066.800811
4018.418092,-1302.362347,2664.741391,10140.821405
4018.418407,-1149.143247,2368.659014,10658.965565
4018.418722,-1608.800546,2146.597232,10807.006753
4018.419038,-1302.362347,2146.597232,10955.047942
4018.419353,-995.924147,1924.535449,10584.944971
4018.419668,-842.705048,2220.617826,10214.842000
4018.419983,0.000000,2368.659014,9918.759623
4018.420298,229.828649,2590.720797,9178.553681
