#time,accel_x,accel_y,accel_z
4030.257410,-2528.115143,-666.185348,10140.821405
4030.257725,-2834.553343,-1110.308913,10140.821405
4030.258040,-2834.553343,-1554.432478,10140.821405
4030.258354,-2298.286494,-1554.432478,9548.656652
4030.258669,-1915.238745,-888.247130,9104.533087
4030.258984,-1302.362347,-222.061783,8438.347739
4030.259299,-612.876398,-74.020594,8290.306550
4030.259614,-306.438199,-0.000000,8142.265362
4030.259929,0.000000,296.082377,8364.327145
4030.260244,229.828649,222.061783,8290.306550
4030.260559,689.485948,666.185348,8512.368333
4030.260874,459.657299,444.123565,8808.450710
4030.261189,229.828649,444.123565,9252.574275
4030.261504,0.000000,-0.000000,9474.636058
4030.261819,-229.828649,-444.123565,9474.636058
4030.262134,-612.876398,-1036.288319,9770.718434
4030.262449,-536.266849,-962.267725,10140.821405
4030.262763,-1302.362347,-1480.411884,9770.718434
4030.263078,-612.876398,-1480.411884,9178.553681
4030.263393,-766.095498,-1110.308913,9252.574275
4030.263708,-536.266849,-814.226536,9030.512492
4030.264023,-229.828649,-814.226536,9178.553681
4030.264338,229.828649,-444.123565,8956.491898
4030.264653,383.047749,-296.082377,8586.388927
4030.264968,229.828649,-296.082377,8586.388927
4030.265283,229.828649,-148.041188,9104.533087
4030.265598,306.438199,-444.123565,9252.574275
4030.265913,383.047749,-740.205942,9474.636058
4030.266228,229.828649,-518.144159,9326.594869
4030.266543,229.828649,-296.082377,9474.636058
4030.266857,0.000000,-296.082377,9844.739029
4030.267172,0.000000,-740.205942,10288.862594
4030.267487,-919.314598,-222.061783,10214.842000
4030.267802,-919.314598,-74.020594,10214.842000
4030.268117,-459.657299,-74.020594,9918.759623
4030.268432,-229.828649,-222.061783,9918.759623
4030.268747,0.000000,-0.000000,9622.677246
4030.269062,0.000000,-0.000000,9178.553681
4030.269377,229.828649,592.164754,9252.574275
4030.269692,306.438199,444.123565,9030.512492
4030.270007,459.657299,814.226536,9622.677246
4030.270322,0.000000,1036.288319,9770.718434
4030.270637,153.219100,1184.329507,9400.615463
4030.270952,229.828649,962.267725,9400.615463
4030.271266,76.609550,888.247130,9696.697840
4030.271581,76.609550,1184.329507,9770.718434
4030.271896,612.876398,1110.308913,9696.697840
4030.272211,229.828649,1258.350101,9696.697840
4030.272526,383.047749,1184.329507,9474.636058
4030.272841,229.828649,1480.411884,9474.636058
4030.273156,229.828649,1480.411884,9918.759623
4030.273471,229.828649,740.205942,9844.739029
4030.273786,0.000000,1332.370696,9696.697840
4030.274101,0.000000,1554.432478,9918.759623
4030.274416,0.000000,1480.411884,10288.862594
4030.274731,-153.219100,1258.350101,10436.903782
4030.275046,-306.438199,1184.329507,9918.759623
4030.275360,76.609550,1554.432478,9992.780217
4030.275675,229.828649,1332.370696,9770.718434
4030.275990,536.266849,1258.350101,9548.656652
4030.276305,689.485948,888.247130,9770.718434
4030.276620,995.924147,740.205942,10140.821405
4030.276935,842.705048,592.164754,9770.718434
4030.277250,536.266849,740.205942,10066.800811
4030.277565,612.876398,-0.000000,9992.780217
4030.277880,689.485948,-0.000000,10288.862594
4030.278195,919.314598,-0.000000,10510.924376
4030.278510,459.657299,-0.000000,9696.697840
4030.278825,536.266849,148.041188,9992.780217
4030.279140,612.876398,-222.061783,9696.697840
4030.279455,612.876398,-148.041188,9548.656652
4030.279769,612.876398,-148.041188,9548.656652
4030.280084,689.485948,-222.061783,9696.697840
4030.280399,536.266849,-222.061783,9770.718434
4030.280714,459.657299,-444.123565,9770.718434
4030.281029,306.438199,-518.144159,9622.677246
4030.281344,0.000000,-518.144159,9474.636058
4030.281659,0.000000,-592.164754,9474.636058
4030.281974,0.000000,-222.061783,9622.677246
4030.282289,229.828649,-518.144159,9474.636058
4030.282604,0.000000,-740.205942,9252.574275
4030.282919,0.000000,-444.123565,9474.636058
4030.283234,0.000000,-518.144159,9104.533087
4030.283549,0.000000,-888.247130,9474.636058
4030.283863,76.609550,-740.205942,9474.636058
4030.284178,-306.438199,-740.205942,9474.636058
4030.284493,76.609550,-444.123565,9326.594869
4030.284808,0.000000,-370.102971,9252.574275
4030.285123,76.609550,-518.144159,9474.636058
4030.285438,0.000000,-370.102971,9326.594869
4030.285753,-306.438199,-740.205942,9548.656652
4030.286068,153.219100,-296.082377,9252.574275
4030.286383,0.000000,-222.061783,9030.512492
4030.286698,153.219100,-518.144159,9178.553681
4030.287013,153.219100,-370.102971,9400.615463
4030.287328,0.000000,-592.164754,9474.636058
4030.287643,76.609550,-444.123565,9474.636058
4030.287958,229.828649,-444.123565,9474.636058
4030.288272,536.266849,-518.144159,9474.636058
4030.288587,0.000000,-444.123565,9474.636058
4030.288902,0.000000,-296.082377,9400.615463
4030.289217,-306.438199,-370.102971,9548.656652
4030.289532,0.000000,-222.061783,9474.636058
4030.289847,229.828649,-370.102971,9770.718434
4030.290162,229.828649,-74.020594,9474.636058
4030.290477,383.047749,-0.000000,9770.718434
4030.290792,153.219100,-296.082377,9918.759623
4030.291107,76.609550,-0.000000,9992.780217
4030.291422,229.828649,222.061783,9474.636058
4030.291737,306.438199,148.041188,9844.739029
4030.292052,0.000000,296.082377,9770.718434
4030.292366,0.000000,444.123565,9844.739029
4030.292681,153.219100,444.123565,9844.739029
4030.292996,306.438199,814.226536,10140.821405
4030.293311,153.219100,740.205942,9770.718434
4030.293626,0.000000,740.205942,10066.800811
4030.293941,0.000000,666.185348,9696.697840
4030.294256,76.609550,814.226536,9992.780217
4030.294571,76.609550,888.247130,10288.862594
4030.294886,0.000000,888.247130,9918.759623
4030.295201,229.828649,1110.308913,9918.759623
4030.295516,0.000000,1110.308913,9696.697840
4030.295831,153.219100,1184.329507,9992.780217
4030.296146,0.000000,1036.288319,9992.780217
4030.296461,-459.657299,1036.288319,9770.718434
4030.296775,-383.047749,1036.288319,9992.780217
4030.297090,153.219100,888.247130,9770.718434
4030.297405,76.609550,1036.288319,9770.718434
4030.297720,0.000000,814.226536,9696.697840
4030.298035,-229.828649,888.247130,9622.677246
4030.298350,0.000000,518.144159,9548.656652
4030.298667,0.000000,888.247130,9548.656652
4030.298982,-153.219100,592.164754,9474.636058
4030.299297,0.000000,444.123565,9474.636058
4030.299611,-153.219100,370.102971,9548.656652
4030.299926,0.000000,518.144159,9622.677246
4030.300241,0.000000,-0.000000,9252.574275
4030.300556,0.000000,-0.000000,9622.677246
4030.300871,153.219100,296.082377,9400.615463
4030.301186,459.657299,-0.000000,9474.636058
4030.301501,229.828649,-74.020594,9474.636058
4030.301816,153.219100,-0.000000,9474.636058
4030.302131,306.438199,-0.000000,8956.491898
4030.302446,383.047749,-444.123565,8956.491898
4030.302761,459.657299,-296.082377,9326.594869
4030.303076,612.876398,-0.000000,9474.636058
4030.303391,306.438199,-0.000000,9474.636058
4030.303706,0.000000,-296.082377,9548.656652
4030.304020,229.828649,-148.041188,9474.636058
4030.304335,76.609550,-370.102971,9474.636058
4030.304650,229.828649,-296.082377,9104.533087
4030.304965,306.438199,-444.123565,9326.594869
4030.305280,76.609550,-222.061783,9474.636058
4030.305595,0.000000,-296.082377,9400.615463
4030.305910,0.000000,-444.123565,9400.615463
4030.306225,-306.438199,-444.123565,9622.677246
4030.306540,0.000000,-148.041188,9252.574275
4030.306855,0.000000,-296.082377,9326.594869
4030.307170,0.000000,-370.102971,9326.594869
4030.307485,0.000000,-74.020594,9252.574275
4030.307800,153.219100,-0.000000,9104.533087
4030.308115,76.609550,-0.000000,9252.574275
4030.308429,0.000000,-148.041188,9252.574275
4030.308744,76.609550,-296.082377,9104.533087
4030.309059,306.438199,-0.000000,9252.574275
4030.309374,0.000000,-74.020594,9474.636058
4030.309689,0.000000,-296.082377,9400.615463
4030.310004,0.000000,-74.020594,9696.697840
4030.310319,0.000000,-74.020594,9696.697840
4030.310634,0.000000,-74.020594,9400.615463
4030.310949,0.000000,-0.000000,9622.677246
4030.311264,0.000000,-0.000000,9474.636058
4030.311579,76.609550,-74.020594,9548.656652
4030.311894,229.828649,444.123565,9770.718434
4030.312209,0.000000,-0.000000,9548.656652
4030.312524,0.000000,-0.000000,9696.697840
4030.312838,306.438199,518.144159,9622.677246
4030.313153,-383.047749,444.123565,9622.677246
4030.313468,0.000000,518.144159,9992.780217
4030.313783,0.000000,370.102971,9992.780217
4030.314098,229.828649,666.185348,10140.821405
4030.314413,229.828649,666.185348,9918.759623
4030.314728,306.438199,222.061783,10066.800811
4030.315043,153.219100,740.205942,9918.759623
4030.315358,76.609550,814.226536,9696.697840
4030.315673,153.219100,444.123565,9696.697840
4030.315988,536.266849,518.144159,10140.821405
4030.316303,-76.609550,962.267725,10140.821405
4030.316618,229.828649,518.144159,9844.739029
4030.316932,76.609550,1110.308913,10066.800811
4030.317247,306.438199,814.226536,10066.800811
4030.317562,0.000000,814.226536,9844.739029
4030.317877,153.219100,666.185348,10140.821405
4030.318192,76.609550,888.247130,9918.759623
4030.318507,153.219100,666.185348,9548.656652
4030.318822,459.657299,962.267725,9696.697840
4030.319137,383.047749,444.123565,9622.677246
4030.319452,-76.609550,666.185348,9918.759623
4030.319767,153.219100,370.102971,9770.718434
4030.320082,0.000000,592.164754,9548.656652
4030.320397,153.219100,592.164754,9770.718434
4030.320712,-459.657299,148.041188,9992.780217
4030.321027,0.000000,-74.020594,9844.739029
4030.321341,0.000000,296.082377,9770.718434
4030.321656,0.000000,296.082377,9622.677246
4030.321971,76.609550,222.061783,9696.697840
4030.322286,383.047749,74.020594,9696.697840
4030.322601,306.438199,370.102971,9696.697840
4030.322916,459.657299,-370.102971,9400.615463
4030.323231,153.219100,296.082377,9474.636058
4030.323546,153.219100,-0.000000,9474.636058
4030.323861,0.000000,-74.020594,9178.553681
4030.324176,0.000000,-296.082377,9252.574275
4030.324491,76.609550,-370.102971,9474.636058
4030.324806,306.438199,-222.061783,9400.615463
4030.325121,153.219100,-444.123565,9474.636058
4030.325436,76.609550,-296.082377,9326.594869
4030.325750,229.828649,-74.020594,9474.636058
4030.326065,306.438199,-74.020594,9030.512492
4030.326380,153.219100,-296.082377,9252.574275
4030.326695,153.219100,-222.061783,9696.697840
4030.327010,-153.219100,-74.020594,9474.636058
4030.327325,0.000000,-222.061783,9474.636058
4030.327640,0.000000,-222.061783,9400.615463
4030.327955,0.000000,-148.041188,9326.594869
4030.328270,306.438199,-74.020594,9474.636058
4030.328585,459.657299,-148.041188,9474.636058
4030.328900,0.000000,-74.020594,9622.677246
4030.329215,229.828649,-0.000000,9178.553681
4030.329530,153.219100,-0.000000,9548.656652
4030.329845,0.000000,-296.082377,9474.636058
4030.330159,-229.828649,-518.144159,9178.553681
4030.330474,0.000000,-222.061783,9474.636058
4030.330789,153.219100,-74.020594,9474.636058
4030.331104,153.219100,-74.020594,9474.636058
4030.331419,0.000000,-74.020594,9474.636058
4030.331734,-229.828649,-444.123565,9178.553681
4030.332049,536.266849,-0.000000,9474.636058
4030.332364,153.219100,-0.000000,9252.574275
4030.332679,459.657299,-0.000000,9622.677246
4030.332994,229.828649,-0.000000,9844.739029
4030.333309,306.438199,-0.000000,9474.636058
4030.333624,153.219100,-0.000000,9326.594869
4030.333939,306.438199,296.082377,9696.697840
4030.334254,459.657299,222.061783,9918.759623
4030.334568,0.000000,-0.000000,9474.636058
4030.334883,383.047749,666.185348,9918.759623
4030.335198,0.000000,-148.041188,9474.636058
4030.335513,0.000000,-0.000000,9696.697840
4030.335828,229.828649,296.082377,9770.718434
4030.336143,153.219100,592.164754,10066.800811
4030.336458,306.438199,370.102971,9770.718434
4030.336773,76.609550,296.082377,9548.656652
4030.337088,0.000000,518.144159,9770.718434
4030.337403,0.000000,666.185348,10066.800811
4030.337718,306.438199,666.185348,9770.718434
4030.338033,459.657299,666.185348,9844.739029
4030.338348,229.828649,592.164754,10140.821405
4030.338663,229.828649,592.164754,9770.718434
4030.338977,76.609550,518.144159,10066.800811
4030.339292,0.000000,518.144159,9696.697840
4030.339607,383.047749,518.144159,9696.697840
4030.339922,153.219100,592.164754,9548.656652
4030.340237,229.828649,370.102971,9844.739029
4030.340552,153.219100,592.164754,9696.697840
4030.340867,459.657299,592.164754,9400.615463
4030.341182,0.000000,222.061783,9696.697840
4030.341497,0.000000,370.102971,9696.697840
4030.341812,0.000000,296.082377,9844.739029
4030.342127,0.000000,222.061783,9474.636058
4030.342442,76.609550,-0.000000,9696.697840
4030.342757,153.219100,-0.000000,9844.739029
4030.343072,-153.219100,296.082377,9474.636058
4030.343386,153.219100,296.082377,9622.677246
4030.343701,153.219100,296.082377,9844.739029
4030.344016,612.876398,-148.041188,9696.697840
4030.344331,-76.609550,-74.020594,9474.636058
4030.344646,0.000000,74.020594,9548.656652
4030.344961,0.000000,148.041188,9696.697840
4030.345276,76.609550,-0.000000,9326.594869
4030.345591,0.000000,-0.000000,9474.636058
4030.345906,76.609550,-444.123565,9548.656652
4030.346221,229.828649,-0.000000,9474.636058
4030.346536,229.828649,-74.020594,9548.656652
4030.346851,0.000000,-148.041188,9474.636058
4030.347166,-536.266849,-148.041188,9622.677246
4030.347481,76.609550,-296.082377,9252.574275
4030.347795,0.000000,-148.041188,9622.677246
4030.348110,459.657299,-74.020594,9770.718434
4030.348425,229.828649,-0.000000,9622.677246
4030.348740,536.266849,444.123565,9622.677246
4030.349055,229.828649,-0.000000,9474.636058
4030.349370,0.000000,-0.000000,9474.636058
4030.349685,0.000000,-74.020594,9400.615463
4030.350000,0.000000,-0.000000,9548.656652
4030.350315,-153.219100,-148.041188,9474.636058
4030.350630,0.000000,-0.000000,9178.553681
4030.350945,153.219100,296.082377,9400.615463
4030.351260,0.000000,-0.000000,9400.615463
4030.351575,0.000000,-0.000000,9400.615463
4030.351890,-306.438199,-148.041188,9474.636058
4030.352204,0.000000,-0.000000,9474.636058
4030.352519,153.219100,-74.020594,9770.718434
4030.352834,0.000000,-0.000000,9326.594869
4030.353149,0.000000,-0.000000,9400.615463
4030.353464,153.219100,-148.041188,9770.718434
4030.353779,0.000000,-0.000000,9326.594869
4030.354094,0.000000,-0.000000,9548.656652
4030.354409,306.438199,-0.000000,9474.636058
4030.354724,229.828649,296.082377,9622.677246
4030.355039,459.657299,-0.000000,9622.677246
4030.355354,0.000000,370.102971,9474.636058
4030.355669,229.828649,666.185348,9770.718434
4030.355984,459.657299,-0.000000,9400.615463
4030.356299,-153.219100,-0.000000,9326.594869
4030.356613,459.657299,-0.000000,9400.615463
4030.356928,0.000000,518.144159,10066.800811
4030.357243,536.266849,444.123565,9844.739029
4030.357558,536.266849,444.123565,9918.759623
4030.357873,0.000000,296.082377,9992.780217
4030.358188,0.000000,444.123565,9548.656652
4030.358503,76.609550,444.123565,9696.697840
4030.358818,153.219100,296.082377,9844.739029
4030.359133,0.000000,518.144159,9844.739029
4030.359448,383.047749,444.123565,9844.739029
4030.359763,0.000000,444.123565,9696.697840
4030.360078,0.000000,518.144159,9696.697840
4030.360393,76.609550,444.123565,9548.656652
4030.360708,229.828649,444.123565,9918.759623
4030.361022,76.609550,148.041188,9992.780217
4030.361337,229.828649,592.164754,9474.636058
4030.361652,306.438199,666.185348,9474.636058
4030.361967,229.828649,518.144159,9548.656652
4030.362282,0.000000,74.020594,9474.636058
4030.362597,229.828649,222.061783,9326.594869
4030.362912,306.438199,370.102971,9474.636058
4030.363227,153.219100,370.102971,9918.759623
4030.363542,153.219100,148.041188,9474.636058
4030.363857,0.000000,148.041188,9178.553681
4030.364172,76.609550,296.082377,9622.677246
4030.364487,0.000000,444.123565,9474.636058
4030.364802,153.219100,222.061783,9770.718434
4030.365116,306.438199,-0.000000,9622.677246
4030.365431,76.609550,444.123565,9400.615463
4030.365746,76.609550,296.082377,9400.615463
4030.366061,229.828649,-0.000000,9474.636058
4030.366376,229.828649,-0.000000,9622.677246
4030.366691,383.047749,-74.020594,9622.677246
4030.367006,0.000000,-148.041188,9474.636058
4030.367321,153.219100,-74.020594,9400.615463
4030.367636,76.609550,-0.000000,9622.677246
4030.367951,383.047749,-0.000000,9622.677246
4030.368266,0.000000,74.020594,9992.780217
4030.368581,0.000000,-0.000000,9622.677246
4030.368896,76.609550,-74.020594,9326.594869
4030.369211,383.047749,-148.041188,9622.677246
4030.369525,459.657299,-74.020594,9918.759623
4030.369840,-153.219100,-222.061783,9696.697840
4030.370155,-229.828649,-0.000000,9474.636058
4030.370470,306.438199,148.041188,9622.677246
4030.370785,229.828649,148.041188,9844.739029
4030.371100,0.000000,-0.000000,9252.574275
4030.371415,229.828649,-0.000000,9918.759623
4030.371730,0.000000,148.041188,9770.718434
4030.372045,0.000000,-0.000000,9400.615463
4030.372360,0.000000,222.061783,9844.739029
4030.372675,0.000000,-74.020594,9696.697840
4030.372990,153.219100,-0.000000,9622.677246
4030.373305,0.000000,-0.000000,9326.594869
4030.373620,0.000000,-0.000000,9400.615463
4030.373934,229.828649,-0.000000,10066.800811
4030.374249,0.000000,-0.000000,9548.656652
4030.374564,0.000000,-0.000000,8956.491898
4030.374879,-229.828649,296.082377,9548.656652
4030.375194,229.828649,-0.000000,9474.636058
4030.375509,76.609550,-74.020594,9474.636058
4030.375824,0.000000,-0.000000,9770.718434
4030.376139,612.876398,-0.000000,9474.636058
4030.376454,76.609550,370.102971,9326.594869
4030.376769,0.000000,148.041188,9474.636058
4030.377084,306.438199,-0.000000,9844.739029
4030.377399,919.314598,-0.000000,9548.656652
4030.377714,153.219100,-0.000000,9474.636058
4030.378029,0.000000,-0.000000,9474.636058
4030.378343,229.828649,222.061783,9918.759623
4030.378658,76.609550,222.061783,9770.718434
4030.378973,0.000000,-222.061783,9548.656652
4030.379288,383.047749,-0.000000,9844.739029
4030.379603,229.828649,-0.000000,9548.656652
4030.379918,229.828649,296.082377,9770.718434
4030.380233,306.438199,-0.000000,10140.821405
4030.380548,459.657299,518.144159,9696.697840
4030.380863,0.000000,444.123565,9622.677246
4030.381178,76.609550,148.041188,9696.697840
4030.381493,153.219100,-0.000000,9992.780217
4030.381808,0.000000,222.061783,9918.759623
4030.382123,306.438199,-0.000000,9548.656652
4030.382438,153.219100,222.061783,10140.821405
4030.382752,76.609550,592.164754,9918.759623
4030.383067,76.609550,296.082377,9474.636058
4030.383382,0.000000,296.082377,9696.697840
4030.383697,-153.219100,222.061783,9474.636058
4030.384012,0.000000,-0.000000,9326.594869
4030.384327,153.219100,444.123565,9474.636058
4030.384642,0.000000,222.061783,9992.780217
4030.384957,-383.047749,-0.000000,9474.636058
4030.385272,153.219100,370.102971,9104.533087
4030.385587,76.609550,296.082377,9622.677246
4030.385902,306.438199,370.102971,9252.574275
4030.386217,153.219100,222.061783,9474.636058
4030.386532,383.047749,-0.000000,9400.615463
4030.386847,383.047749,-0.000000,9474.636058
4030.387161,153.219100,296.082377,9252.574275
4030.387476,229.828649,222.061783,9474.636058
4030.387791,229.828649,-0.000000,9548.656652
4030.388106,0.000000,-74.020594,9474.636058
4030.388421,0.000000,296.082377,9770.718434
4030.388736,76.609550,-0.000000,9400.615463
4030.389051,153.219100,-74.020594,9548.656652
4030.389366,229.828649,-0.000000,9474.636058
4030.389681,383.047749,-0.000000,9474.636058
4030.389996,229.828649,370.102971,9696.697840
4030.390311,229.828649,-0.000000,9400.615463
4030.390626,0.000000,-0.000000,9474.636058
4030.390941,153.219100,-0.000000,9770.718434
4030.391256,0.000000,-0.000000,9696.697840
4030.391570,0.000000,-0.000000,9844.739029
4030.391885,0.000000,-0.000000,9770.718434
4030.392200,0.000000,-74.020594,9696.697840
4030.392515,76.609550,-148.041188,9548.656652
4030.392830,306.438199,-222.061783,9770.718434
4030.393145,0.000000,-0.000000,9992.780217
4030.393460,0.000000,74.020594,9548.656652
4030.393775,0.000000,-0.000000,9474.636058
4030.394090,76.609550,-0.000000,9548.656652
4030.394405,-229.828649,-74.020594,9474.636058
4030.394720,0.000000,-0.000000,9548.656652
4030.395035,-76.609550,-0.000000,9474.636058
4030.395350,0.000000,-74.020594,9474.636058
4030.395665,0.000000,370.102971,9326.594869
4030.395979,0.000000,-0.000000,9252.574275
4030.396294,0.000000,370.102971,9400.615463
4030.396609,0.000000,296.082377,9474.636058
4030.396924,153.219100,222.061783,9252.574275
4030.397239,76.609550,-0.000000,9474.636058
4030.397554,0.000000,222.061783,9400.615463
4030.397869,229.828649,370.102971,9178.553681
4030.398184,-229.828649,148.041188,9474.636058
4030.398499,76.609550,148.041188,9400.615463
4030.398814,0.000000,222.061783,9474.636058
4030.399129,0.000000,148.041188,9696.697840
4030.399444,153.219100,222.061783,9178.553681
4030.399759,306.438199,222.061783,9474.636058
4030.400074,459.657299,296.082377,9400.615463
4030.400389,536.266849,370.102971,9992.780217
4030.400704,76.609550,222.061783,10066.800811
4030.401020,0.000000,222.061783,9474.636058
4030.401335,0.000000,-0.000000,9696.697840
4030.401650,76.609550,444.123565,9992.780217
4030.401965,153.219100,370.102971,9548.656652
4030.402280,76.609550,296.082377,10140.821405
4030.402595,0.000000,148.041188,9696.697840
4030.402911,76.609550,-0.000000,10066.800811
4030.403226,0.000000,-0.000000,9696.697840
4030.403541,153.219100,-0.000000,9548.656652
4030.403856,153.219100,296.082377,10288.862594
4030.404171,76.609550,296.082377,9770.718434
4030.404486,0.000000,296.082377,9696.697840
4030.404801,76.609550,222.061783,9696.697840
4030.405117,229.828649,222.061783,9844.739029
4030.405432,0.000000,444.123565,9474.636058
4030.405747,0.000000,296.082377,9622.677246
4030.406062,0.000000,-0.000000,9992.780217
4030.406377,153.219100,-0.000000,9474.636058
4030.406692,-229.828649,-0.000000,9326.594869
4030.407008,-229.828649,-0.000000,9400.615463
4030.407323,-306.438199,-0.000000,9844.739029
4030.407638,153.219100,666.185348,9400.615463
4030.407953,-306.438199,666.185348,9030.512492
4030.408268,-536.266849,592.164754,9548.656652
4030.408583,-689.485948,740.205942,9474.636058
4030.408898,-383.047749,296.082377,9770.718434
4030.409214,-612.876398,222.061783,9770.718434
4030.409529,-383.047749,296.082377,9622.677246
4030.409844,-306.438199,370.102971,9474.636058
4030.410159,-536.266849,370.102971,9326.594869
4030.410474,0.000000,444.123565,8882.471304
4030.410789,-306.438199,1554.432478,8956.491898
4030.411104,-842.705048,1332.370696,8956.491898
4030.411420,-766.095498,1332.370696,9252.574275
4030.411735,-1378.971896,1332.370696,8660.409521
4030.412050,-1762.019645,1332.370696,8734.430116
4030.412365,-2298.286494,1184.329507,9400.615463
4030.412680,-2834.553343,1184.329507,9844.739029
4030.412995,-3140.991542,1184.329507,9918.759623
4030.413311,-3217.601092,1036.288319,10436.903782
4030.413626,-2987.772442,1406.391290,10066.800811
4030.413941,-2834.553343,1628.453072,10066.800811
4030.414256,-2451.505594,2220.617826,9992.780217
4030.414571,-2374.896044,2664.741391,10214.842000
4030.414886,-1762.019645,2516.700203,9400.615463
4030.415201,-1685.410096,3034.844362,8882.471304
4030.415517,-2298.286494,3478.967927,8956.491898
4030.415832,-2374.896044,3404.947333,8882.471304
4030.416147,-2451.505594,3627.009116,9104.533087
4030.416462,-3294.210641,3182.885551,9178.553681
4030.416777,-3447.429741,2664.741391,9696.697840
4030.417092,-3753.867940,2220.617826,10214.842000
4030.417407,-4060.306139,2294.638420,9992.780217
4030.417723,-3983.696590,2294.638420,10584.944971
4030.418038,-3370.820191,2590.720797,10510.924376
4030.418353,-2987.772442,2960.823768,10140.821405
4030.418668,-2451.505594,3849.070898,9844.739029
4030.418983,-1608.800546,4145.153275,9326.594869
4030.419298,-1378.971896,4441.235652,8956.491898
4030.419614,-919.314598,4441.235652,9326.594869
4030.419929,-919.314598,4589.276840,9992.780217
4030.420244,-995.924147,4367.215058,10066.800811
4030.420559,-612.876398,3775.050304,9474.636058
4030.420874,-766.095498,3108.864956,9992.780217
4030.421189,-919.314598,2664.741391,10584.944971
4030.421504,-919.314598,2516.700203,10807.006753
4030.421820,-995.924147,2812.782580,10584.944971
4030.422135,-766.095498,2590.720797,10140.821405
4030.422450,-919.314598,2664.741391,9992.780217
4030.422765,-766.095498,2812.782580,9252.574275
4030.423080,-536.266849,3108.864956,9474.636058
4030.423395,-689.485948,3034.844362,9548.656652
4030.423711,-919.314598,2738.761985,9770.718434
4030.424026,-919.314598,2294.638420,10362.883188
4030.424341,-842.705048,2294.638420,10732.986159
4030.424656,-1149.143247,2368.659014,11029.068536
4030.424971,-919.314598,1776.494261,10955.047942
4030.425286,-459.657299,1776.494261,11029.068536
4030.425601,-766.095498,1332.370696,10732.986159
4030.425917,0.000000,1332.370696,10214.842000
4030.426232,459.657299,1332.370696,9844.739029
4030.426547,919.314598,1480.411884,9400.615463
4030.426862,1072.533697,1258.350101,9178.553681
4030.427177,919.314598,962.267725,9104.533087
4030.427492,842.705048,370.102971,9104.533087
4030.427807,995.924147,-0.000000,9326.594869
4030.428123,536.266849,-444.123565,9326.594869
4030.428438,459.657299,-592.164754,9326.594869
4030.428753,306.438199,-518.144159,9326.594869
4030.429068,306.438199,-444.123565,9104.533087
4030.429383,306.438199,-444.123565,8660.409521
4030.429698,306.438199,-0.000000,8512.368333
4030.430014,-383.047749,222.061783,7772.162391
4030.430329,-766.095498,370.102971,8364.327145
4030.430644,-1225.752797,-74.020594,9400.615463
4030.430959,-1685.410096,-814.226536,9474.636058
4030.431274,-2145.067394,-1332.370696,9992.780217
4030.431589,-2451.505594,-1406.391290,9844.739029
4030.431904,-2374.896044,-1184.329507,9918.759623
4030.432220,-1532.190996,-1332.370696,10584.944971
4030.432535,-1225.752797,-1258.350101,10510.924376
4030.432850,-1532.190996,-1110.308913,10510.924376
4030.433165,-919.314598,-814.226536,9992.780217
4030.433480,0.000000,-592.164754,9252.574275
4030.433795,689.485948,-518.144159,9474.636058
4030.434111,536.266849,-592.164754,8882.471304
4030.434426,842.705048,-740.205942,8364.327145
4030.434741,229.828649,-888.247130,8364.327145
4030.435056,76.609550,-1184.329507,8586.388927
4030.435371,0.000000,-1036.288319,8364.327145
4030.435686,-919.314598,-1332.370696,8364.327145
4030.436001,-1455.581446,-1702.473667,8956.491898
4030.436317,-1991.848295,-1554.432478,9400.615463
4030.436632,-2298.286494,-2146.597232,9992.780217
4030.436947,-2221.676944,-1924.535449,10288.862594
4030.437262,-2221.676944,-1628.453072,10288.862594
4030.437577,-1532.190996,-1184.329507,10510.924376
4030.437892,-766.095498,-592.164754,10362.883188
4030.438207,76.609550,-0.000000,10288.862594
4030.438523,536.266849,370.102971,9622.677246
4030.438838,1532.190996,740.205942,9400.615463
4030.439153,2298.286494,740.205942,9474.636058
4030.439468,2757.943793,1332.370696,8882.471304
4030.439783,2451.505594,888.247130,8586.388927
4030.440098,2145.067394,296.082377,7920.203579
4030.440414,1608.800546,-0.000000,8882.471304
4030.440729,1149.143247,-592.164754,8882.471304
4030.441044,536.266849,-296.082377,8364.327145
4030.441359,383.047749,-296.082377,9474.636058
4030.441674,-536.266849,-518.144159,9030.512492
4030.441989,-612.876398,-370.102971,8882.471304
4030.442304,-919.314598,-74.020594,9400.615463
4030.442620,-1072.533697,-148.041188,9400.615463
4030.442935,-383.047749,444.123565,9548.656652
4030.443250,229.828649,1036.288319,10066.800811
4030.443565,995.924147,1480.411884,10807.006753
4030.443880,1838.629195,2294.638420,10436.903782
4030.444195,2068.457845,2664.741391,10066.800811
4030.444510,2451.505594,2664.741391,10584.944971
4030.444826,2757.943793,2738.761985,10658.965565
4030.445141,2987.772442,2664.741391,10510.924376
4030.445456,2451.505594,1628.453072,9992.780217
4030.445771,2221.676944,1036.288319,9770.718434
4030.446086,1455.581446,740.205942,9992.780217
4030.446401,536.266849,518.144159,9622.677246
4030.446717,0.000000,296.082377,9696.697840
4030.447032,-612.876398,-0.000000,9622.677246
4030.447347,-1149.143247,-0.000000,9474.636058
4030.447662,-1532.190996,-0.000000,10288.862594
4030.447977,-1762.019645,-148.041188,10584.944971
4030.448292,-1915.238745,-74.020594,10732.986159
4030.448607,-1608.800546,592.164754,11103.089130
4030.448923,-995.924147,592.164754,11029.068536
4030.449238,0.000000,1258.350101,10881.027347
4030.449553,536.266849,1924.535449,10510.924376
4030.449868,919.314598,1850.514855,10288.862594
4030.450183,919.314598,1998.556043,10362.883188
4030.450498,1302.362347,2072.576638,10214.842000
4030.450814,919.314598,1554.432478,9326.594869
4030.451129,766.095498,370.102971,9252.574275
4030.451444,153.219100,-518.144159,9030.512492
4030.451759,-459.657299,-888.247130,9104.533087
4030.452074,-919.314598,-1332.370696,9770.718434
4030.452389,-1455.581446,-1776.494261,8808.450710
4030.452704,-1455.581446,-1702.473667,8882.471304
4030.453020,-1532.190996,-1776.494261,8956.491898
4030.453335,-1532.190996,-1258.350101,8216.285956
4030.453650,-1302.362347,-444.123565,8586.388927
4030.453965,-1378.971896,-222.061783,9474.636058
4030.454280,-1225.752797,-222.061783,9474.636058
4030.454595,-383.047749,-296.082377,9770.718434
4030.454910,383.047749,888.247130,9474.636058
4030.455226,689.485948,814.226536,9548.656652
4030.455541,689.485948,592.164754,10436.903782
4030.455856,995.924147,518.144159,10288.862594
4030.456171,1302.362347,-0.000000,10066.800811
4030.456486,995.924147,-0.000000,9622.677246
4030.456801,1072.533697,-222.061783,9104.533087
4030.457117,842.705048,-888.247130,9104.533087
4030.457432,536.266849,-1110.308913,8364.327145
4030.457747,0.000000,-1332.370696,8882.471304
4030.458062,-229.828649,-1332.370696,8586.388927
4030.458377,-612.876398,-1258.350101,8438.347739
4030.458692,-536.266849,-962.267725,8438.347739
4030.459007,-1072.533697,-1258.350101,8734.430116
4030.459323,-1072.533697,-1036.288319,9326.594869
4030.459638,-1149.143247,-1110.308913,9918.759623
4030.459953,-842.705048,-1110.308913,10288.862594
4030.460268,-306.438199,-370.102971,10658.965565
4030.460583,76.609550,-222.061783,10214.842000
4030.460898,689.485948,296.082377,10510.924376
4030.461214,1225.752797,518.144159,10510.924376
4030.461529,1225.752797,814.226536,10436.903782
4030.461844,1762.019645,962.267725,10066.800811
4030.462159,2451.505594,666.185348,9400.615463
4030.462474,2068.457845,666.185348,9400.615463
4030.462789,1608.800546,-148.041188,9696.697840
4030.463104,995.924147,-888.247130,9178.553681
4030.463420,383.047749,-962.267725,9252.574275
4030.463735,0.000000,-888.247130,9252.574275
4030.464050,0.000000,-814.226536,8882.471304
4030.464365,-306.438199,-592.164754,8882.471304
4030.464680,-536.266849,-0.000000,9104.533087
4030.464995,-536.266849,-0.000000,9474.636058
4030.465310,-995.924147,370.102971,9548.656652
4030.465626,-1072.533697,592.164754,9548.656652
4030.465941,-229.828649,740.205942,10214.842000
4030.466256,306.438199,1184.329507,10436.903782
4030.466571,536.266849,1702.473667,10362.883188
4030.466886,306.438199,1406.391290,10658.965565
4030.467201,919.314598,1776.494261,10658.965565
4030.467517,1072.533697,1924.535449,10140.821405
4030.467832,1302.362347,1924.535449,10140.821405
4030.468147,1608.800546,1406.391290,9474.636058
4030.468462,1072.533697,814.226536,9178.553681
4030.468777,689.485948,-0.000000,8956.491898
4030.469092,229.828649,-0.000000,8734.430116
4030.469407,-612.876398,-0.000000,8586.388927
4030.469723,-1302.362347,-74.020594,8512.368333
4030.470038,-1225.752797,-0.000000,8364.327145
4030.470353,-1532.190996,-370.102971,9400.615463
4030.470668,-1608.800546,-222.061783,9770.718434
4030.470983,-1991.848295,-74.020594,9622.677246
4030.471298,-1685.410096,222.061783,10584.944971
4030.471613,-1225.752797,740.205942,10362.883188
4030.471929,-306.438199,518.144159,10658.965565
4030.472244,229.828649,1628.453072,10658.965565
4030.472559,689.485948,1628.453072,10362.883188
4030.472874,1149.143247,2072.576638,9844.739029
4030.473189,1991.848295,2146.597232,9326.594869
4030.473504,842.705048,1480.411884,9622.677246
4030.473820,919.314598,888.247130,9400.615463
4030.474135,842.705048,592.164754,9030.512492
4030.474450,306.438199,-444.123565,8808.450710
4030.474765,-153.219100,-814.226536,9104.533087
4030.475080,-689.485948,-1036.288319,9770.718434
4030.475395,-919.314598,-1258.350101,8808.450710
4030.475710,-842.705048,-888.247130,8808.450710
4030.476026,-1149.143247,-370.102971,9104.533087
4030.476341,-1149.143247,-0.000000,9178.553681
4030.476656,-1149.143247,222.061783,10066.800811
4030.476971,-766.095498,666.185348,9992.780217
4030.477286,-153.219100,666.185348,10066.800811
4030.477601,536.266849,1036.288319,10066.800811
4030.477917,1302.362347,1184.329507,10140.821405
4030.478232,1072.533697,1258.350101,10436.903782
4030.478547,1532.190996,1332.370696,10807.006753
4030.478862,1915.238745,1258.350101,10288.862594
4030.479177,1991.848295,814.226536,9622.677246
4030.479492,1532.190996,444.123565,9326.594869
4030.479807,842.705048,-296.082377,8956.491898
4030.480123,383.047749,-592.164754,8660.409521
4030.480438,0.000000,-1332.370696,8808.450710
4030.480753,-306.438199,-1406.391290,8438.347739
4030.481068,-383.047749,-1702.473667,8734.430116
4030.481383,-842.705048,-1184.329507,9104.533087
4030.481698,-1378.971896,-1036.288319,8882.471304
4030.482013,-1225.752797,-888.247130,9474.636058
4030.482329,-1225.752797,-592.164754,10066.800811
4030.482644,-1072.533697,-444.123565,10288.862594
4030.482959,0.000000,-0.000000,10807.006753
4030.483274,383.047749,444.123565,10658.965565
4030.483589,919.314598,814.226536,10066.800811
4030.483904,1225.752797,962.267725,10066.800811
4030.484220,1225.752797,518.144159,10214.842000
4030.484535,1072.533697,444.123565,10288.862594
4030.484850,1378.971896,518.144159,9474.636058
4030.485165,1225.752797,-148.041188,9400.615463
4030.485480,229.828649,-1332.370696,9252.574275
4030.485795,76.609550,-1480.411884,9474.636058
4030.486110,0.000000,-1480.411884,9622.677246
4030.486426,-383.047749,-1554.432478,8586.388927
4030.486741,-995.924147,-1554.432478,8734.430116
4030.487056,-766.095498,-1036.288319,8586.388927
4030.487371,-1149.143247,-592.164754,9178.553681
4030.487686,-842.705048,-222.061783,9326.594869
4030.488001,-1302.362347,-0.000000,9474.636058
4030.488317,-1149.143247,222.061783,9918.759623
4030.488632,-229.828649,-0.000000,9992.780217
4030.488947,153.219100,888.247130,9992.780217
4030.489262,383.047749,1332.370696,10807.006753
4030.489577,383.047749,814.226536,10584.944971
4030.489892,919.314598,962.267725,10510.924376
4030.490207,1302.362347,1036.288319,10436.903782
4030.490523,1225.752797,1036.288319,9622.677246
4030.490838,1225.752797,888.247130,8956.491898
4030.491153,842.705048,370.102971,8956.491898
4030.491468,229.828649,-222.061783,8882.471304
4030.491783,76.609550,-592.164754,8734.430116
4030.492098,-383.047749,-370.102971,8734.430116
4030.492413,-229.828649,-592.164754,8142.265362
4030.492729,-766.095498,-296.082377,8290.306550
4030.493044,-1225.752797,-0.000000,9104.533087
4030.493359,-1225.752797,-74.020594,9474.636058
4030.493674,-1378.971896,296.082377,10140.821405
4030.493989,-995.924147,592.164754,10288.862594
4030.494304,-153.219100,962.267725,10362.883188
4030.494620,689.485948,1554.432478,10214.842000
4030.494935,766.095498,1776.494261,10732.986159
4030.495250,842.705048,1480.411884,10955.047942
4030.495565,1225.752797,1480.411884,10584.944971
4030.495880,2221.676944,1628.453072,9918.759623
4030.496195,2145.067394,1702.473667,9696.697840
4030.496510,1991.848295,1258.350101,9770.718434
4030.496826,1378.971896,444.123565,9400.615463
4030.497141,919.314598,-370.102971,9178.553681
4030.497456,0.000000,-740.205942,9474.636058
4030.497771,0.000000,-814.226536,9104.533087
4030.498086,-459.657299,-740.205942,9326.594869
4030.498401,-383.047749,-592.164754,9252.574275
4030.498716,-1072.533697,-370.102971,9474.636058
4030.499031,-1838.629195,-0.000000,9326.594869
4030.499346,-766.095498,370.102971,9844.739029
4030.499661,-766.095498,888.247130,10214.842000
4030.499976,-229.828649,814.226536,10807.006753
4030.500291,459.657299,1036.288319,10658.965565
4030.500607,919.314598,888.247130,10436.903782
4030.500922,1225.752797,1110.308913,10807.006753
4030.501237,1149.143247,1184.329507,10288.862594
4030.501552,1838.629195,1184.329507,10066.800811
4030.501867,2298.286494,962.267725,9548.656652
4030.502182,2221.676944,296.082377,9104.533087
4030.502497,1072.533697,-0.000000,8586.388927
4030.502812,766.095498,-666.185348,8660.409521
4030.503127,0.000000,-814.226536,8142.265362
4030.503442,-919.314598,-1184.329507,7994.224174
4030.503757,-1225.752797,-1480.411884,7920.203579
4030.504072,-1072.533697,-1332.370696,8734.430116
4030.504388,-1915.238745,-1184.329507,9474.636058
4030.504703,-1608.800546,-888.247130,9696.697840
4030.505018,-1378.971896,-370.102971,9474.636058
4030.505333,-842.705048,-148.041188,10288.862594
4030.505648,-229.828649,296.082377,10066.800811
4030.505963,0.000000,592.164754,9918.759623
4030.506278,612.876398,1184.329507,10214.842000
4030.506593,689.485948,1184.329507,10288.862594
4030.506908,1072.533697,1110.308913,10140.821405
4030.507223,1608.800546,962.267725,9548.656652
4030.507538,1532.190996,888.247130,9474.636058
4030.507853,1225.752797,222.061783,9326.594869
4030.508169,612.876398,-518.144159,8882.471304
4030.508484,153.219100,-1036.288319,8882.471304
4030.508799,-306.438199,-1628.453072,9400.615463
4030.509114,-766.095498,-1702.473667,9252.574275
4030.509429,-1302.362347,-1776.494261,8734.430116
4030.509744,-995.924147,-1332.370696,8734.430116
4030.510059,-1455.581446,-888.247130,9104.533087
4030.510374,-1532.190996,-592.164754,9252.574275
4030.510689,-1455.581446,-74.020594,9918.759623
4030.511004,-995.924147,370.102971,10288.862594
4030.511319,-229.828649,-0.000000,10584.944971
4030.511634,383.047749,1110.308913,10510.924376
4030.511949,306.438199,962.267725,10881.027347
4030.512265,383.047749,962.267725,10584.944971
4030.512580,766.095498,888.247130,10658.965565
4030.512895,1608.800546,1110.308913,10214.842000
4030.513210,1455.581446,740.205942,9918.759623
4030.513525,1455.581446,444.123565,9622.677246
4030.513840,919.314598,222.061783,9030.512492
4030.514155,0.000000,-222.061783,8586.388927
4030.514470,-383.047749,-962.267725,8586.388927
4030.514785,-536.266849,-666.185348,8882.471304
4030.515100,-766.095498,-1036.288319,8956.491898
4030.515415,-689.485948,-740.205942,8586.388927
4030.515730,-766.095498,-518.144159,8808.450710
4030.516046,-1225.752797,-148.041188,9548.656652
4030.516361,-995.924147,296.082377,9548.656652
4030.516676,-766.095498,666.185348,10066.800811
4030.516991,0.000000,888.247130,10214.842000
4030.517306,536.266849,1628.453072,10214.842000
4030.517621,919.314598,2072.576638,10362.883188
4030.517936,1378.971896,1850.514855,10732.986159
4030.518251,1455.581446,1998.556043,10510.924376
4030.518566,1685.410096,1850.514855,9992.780217
4030.518881,1455.581446,1924.535449,9548.656652
4030.519196,1455.581446,1258.350101,9474.636058
4030.519511,1302.362347,148.041188,9104.533087
4030.519827,536.266849,-444.123565,9104.533087
4030.520142,0.000000,-740.205942,8808.450710
4030.520457,-612.876398,-962.267725,8956.491898
4030.520772,-612.876398,-666.185348,8882.471304
4030.521087,-1225.752797,-518.144159,8734.430116
4030.521402,-1302.362347,-0.000000,9474.636058
4030.521717,-1225.752797,-0.000000,9474.636058
4030.522032,-1225.752797,222.061783,9696.697840
4030.522347,-919.314598,740.205942,10510.924376
4030.522662,-383.047749,814.226536,10732.986159
4030.522977,306.438199,962.267725,10584.944971
4030.523292,536.266849,1184.329507,10955.047942
4030.523607,536.266849,1110.308913,10807.006753
4030.523923,1685.410096,962.267725,10584.944971
4030.524238,1685.410096,1480.411884,10362.883188
4030.524553,1762.019645,1554.432478,9622.677246
4030.524868,1149.143247,740.205942,8956.491898
4030.525183,1149.143247,296.082377,8512.368333
4030.525498,459.657299,-518.144159,8142.265362
4030.525813,0.000000,-1036.288319,8734.430116
4030.526128,-536.266849,-1036.288319,8660.409521
4030.526443,-842.705048,-1258.350101,8068.244768
4030.526758,-919.314598,-1332.370696,9104.533087
4030.527073,-1532.190996,-1554.432478,9474.636058
4030.527388,-1915.238745,-814.226536,9696.697840
4030.527704,-1762.019645,-296.082377,9992.780217
4030.528019,-1149.143247,-0.000000,10066.800811
4030.528334,0.000000,518.144159,10584.944971
4030.528649,689.485948,1332.370696,10140.821405
4030.528964,1149.143247,1406.391290,10140.821405
4030.529279,1302.362347,1702.473667,10066.800811
4030.529594,1838.629195,1554.432478,9770.718434
4030.529909,1378.971896,1628.453072,9622.677246
4030.530224,1532.190996,814.226536,9474.636058
4030.530539,1072.533697,296.082377,9400.615463
4030.530854,612.876398,-518.144159,9104.533087
4030.531169,-229.828649,-1258.350101,9030.512492
4030.531485,0.000000,-1406.391290,8438.347739
4030.531800,-842.705048,-1406.391290,9104.533087
4030.532115,-1072.533697,-1480.411884,8734.430116
4030.532430,-1225.752797,-1110.308913,8734.430116
4030.532745,-1072.533697,-1036.288319,9104.533087
4030.533060,-1532.190996,-814.226536,9326.594869
4030.533375,-1149.143247,-0.000000,9622.677246
4030.533690,-536.266849,296.082377,10066.800811
4030.534005,0.000000,370.102971,10510.924376
4030.534320,842.705048,740.205942,10807.006753
4030.534635,1072.533697,740.205942,10584.944971
4030.534950,1302.362347,740.205942,11103.089130
4030.535265,1685.410096,962.267725,10510.924376
4030.535581,1532.190996,814.226536,10066.800811
4030.535896,1532.190996,962.267725,9400.615463
4030.536211,1455.581446,-0.000000,9326.594869
4030.536526,1072.533697,-0.000000,8660.409521
4030.536841,229.828649,-888.247130,8512.368333
4030.537156,-153.219100,-1110.308913,8734.430116
4030.537471,-536.266849,-1258.350101,8512.368333
4030.537786,-689.485948,-1332.370696,8956.491898
4030.538101,-995.924147,-1258.350101,8882.471304
4030.538416,-1302.362347,-1036.288319,9326.594869
4030.538731,-1225.752797,-444.123565,9474.636058
4030.539046,-689.485948,-0.000000,10066.800811
4030.539362,-383.047749,518.144159,10436.903782
4030.539677,76.609550,888.247130,10732.986159
4030.539992,612.876398,1184.329507,10510.924376
4030.540307,842.705048,1850.514855,9992.780217
4030.540622,919.314598,2146.597232,10066.800811
4030.540937,1378.971896,1702.473667,10140.821405
4030.541252,1532.190996,1480.411884,9992.780217
4030.541567,1302.362347,888.247130,9548.656652
4030.541882,689.485948,222.061783,9326.594869
4030.542197,842.705048,-74.020594,9400.615463
4030.542512,0.000000,-740.205942,9252.574275
4030.542827,-306.438199,-444.123565,8882.471304
4030.543143,-919.314598,-814.226536,8586.388927
4030.543458,-1149.143247,-518.144159,8734.430116
4030.543773,-1378.971896,-296.082377,8882.471304
4030.544088,-1608.800546,-0.000000,9178.553681
4030.544403,-1685.410096,518.144159,9696.697840
4030.544718,-1685.410096,888.247130,10140.821405
4030.545033,-995.924147,888.247130,10807.006753
4030.545348,0.000000,1110.308913,10214.842000
4030.545663,153.219100,1332.370696,10881.027347
4030.545978,536.266849,1480.411884,11177.109724
4030.546293,919.314598,1554.432478,11103.089130
4030.546608,1302.362347,1850.514855,10362.883188
4030.546923,995.924147,1332.370696,9770.718434
4030.547239,1685.410096,1258.350101,9622.677246
4030.547554,1532.190996,814.226536,9030.512492
4030.547869,1072.533697,296.082377,8586.388927
4030.548184,76.609550,-518.144159,8586.388927
4030.548499,-689.485948,-1036.288319,9104.533087
4030.548814,-459.657299,-962.267725,8956.491898
4030.549129,-842.705048,-1332.370696,8882.471304
4030.549444,-919.314598,-1036.288319,9104.533087
4030.549759,-919.314598,-888.247130,9474.636058
4030.550074,-1072.533697,-222.061783,9696.697840
4030.550389,-842.705048,370.102971,10214.842000
4030.550704,-153.219100,518.144159,10436.903782
4030.551020,306.438199,1332.370696,10362.883188
4030.551335,1072.533697,1258.350101,10510.924376
4030.551650,842.705048,1110.308913,10140.821405
4030.551965,1378.971896,1480.411884,10658.965565
4030.552280,1532.190996,1332.370696,10362.883188
4030.552595,2221.676944,814.226536,9622.677246
4030.552910,1608.800546,666.185348,9474.636058
4030.553225,1302.362347,-74.020594,9178.553681
4030.553540,995.924147,-518.144159,9030.512492
4030.553855,229.828649,-1332.370696,8734.430116
4030.554170,-153.219100,-1628.453072,8660.409521
4030.554485,-689.485948,-1406.391290,8512.368333
4030.554801,-995.924147,-814.226536,8512.368333
4030.555116,-995.924147,-888.247130,8956.491898
4030.555431,-1225.752797,-666.185348,8956.491898
4030.555746,-1378.971896,-296.082377,9770.718434
4030.556061,-1225.752797,-518.144159,9844.739029
4030.556376,-842.705048,-148.041188,10288.862594
4030.556691,76.609550,666.185348,10658.965565
4030.557006,383.047749,814.226536,10362.883188
4030.557321,766.095498,962.267725,10214.842000
4030.557636,1149.143247,888.247130,10362.883188
4030.557951,1378.971896,740.205942,9844.739029
4030.558266,1991.848295,666.185348,9474.636058
4030.558581,2068.457845,370.102971,9030.512492
4030.558897,1149.143247,-0.000000,8660.409521
4030.559212,383.047749,-1036.288319,8586.388927
4030.559527,0.000000,-1554.432478,8586.388927
4030.559842,-766.095498,-1702.473667,8660.409521
4030.560157,-842.705048,-1628.453072,8512.368333
4030.560472,-1149.143247,-1332.370696,8882.471304
4030.560787,-1225.752797,-1258.350101,8956.491898
4030.561102,-1608.800546,-592.164754,9400.615463
4030.561417,-1685.410096,-370.102971,9770.718434
4030.561732,-1455.581446,-0.000000,9918.759623
4030.562047,0.000000,444.123565,10436.903782
4030.562362,-229.828649,1036.288319,10140.821405
4030.562678,229.828649,1184.329507,10584.944971
4030.562993,306.438199,1554.432478,10732.986159
4030.563308,306.438199,1110.308913,10658.965565
4030.563623,1225.752797,1332.370696,10658.965565
4030.563938,1455.581446,1184.329507,10066.800811
4030.564253,1302.362347,888.247130,9770.718434
4030.564568,919.314598,148.041188,9178.553681
4030.564883,842.705048,-148.041188,9178.553681
4030.565198,612.876398,-592.164754,8882.471304
4030.565513,-306.438199,-518.144159,8512.368333
4030.565828,-612.876398,-666.185348,8808.450710
4030.566143,-766.095498,-518.144159,8290.306550
4030.566458,-1149.143247,-666.185348,8586.388927
4030.566774,-1072.533697,-222.061783,8586.388927
4030.567089,-1378.971896,222.061783,9474.636058
4030.567404,-1072.533697,740.205942,9844.739029
4030.567719,-689.485948,740.205942,10140.821405
4030.568034,229.828649,888.247130,10881.027347
4030.568349,536.266849,1480.411884,10362.883188
4030.568664,842.705048,1554.432478,10584.944971
4030.568979,919.314598,1332.370696,10584.944971
4030.569294,1149.143247,1628.453072,10140.821405
4030.569609,1838.629195,1628.453072,9918.759623
4030.569924,1532.190996,1110.308913,9696.697840
4030.570239,1072.533697,444.123565,9474.636058
4030.570555,919.314598,-0.000000,8882.471304
4030.570870,153.219100,-518.144159,8586.388927
4030.571185,0.000000,-1036.288319,9030.512492
4030.571500,-536.266849,-370.102971,8882.471304
4030.571815,-612.876398,-666.185348,9104.533087
4030.572130,-1072.533697,-888.247130,9178.553681
4030.572445,-1149.143247,-222.061783,9622.677246
4030.572760,-1225.752797,370.102971,9992.780217
4030.573075,-995.924147,814.226536,9918.759623
4030.573390,-536.266849,1036.288319,10584.944971
4030.573705,153.219100,1406.391290,10807.006753
4030.574020,153.219100,1554.432478,10140.821405
4030.574336,1072.533697,2220.617826,10881.027347
4030.574651,1455.581446,1924.535449,10658.965565
4030.574966,1838.629195,1776.494261,10584.944971
4030.575281,1685.410096,1332.370696,9622.677246
4030.575596,1532.190996,814.226536,9548.656652
4030.575911,1149.143247,296.082377,9400.615463
4030.576226,689.485948,-74.020594,9104.533087
4030.576541,0.000000,-740.205942,8808.450710
4030.576856,-689.485948,-888.247130,8734.430116
4030.577171,-612.876398,-1110.308913,8512.368333
4030.577486,-919.314598,-1258.350101,8512.368333
4030.577801,-1225.752797,-962.267725,8956.491898
4030.578116,-1378.971896,-518.144159,9326.594869
4030.578432,-1608.800546,-148.041188,9696.697840
4030.578747,-919.314598,-0.000000,10436.903782
4030.579062,-612.876398,444.123565,10510.924376
4030.579377,76.609550,814.226536,10584.944971
4030.579692,766.095498,962.267725,10214.842000
4030.580007,995.924147,1110.308913,10214.842000
4030.580322,1378.971896,962.267725,10362.883188
4030.580637,1455.581446,666.185348,10066.800811
4030.580952,1608.800546,370.102971,10436.903782
4030.581267,1532.190996,296.082377,9474.636058
4030.581582,1149.143247,-370.102971,8660.409521
4030.581897,536.266849,-962.267725,8364.327145
4030.582213,229.828649,-1628.453072,9178.553681
4030.582528,-383.047749,-1628.453072,8734.430116
4030.582843,-459.657299,-1998.556043,8512.368333
4030.583158,-689.485948,-1628.453072,8660.409521
4030.583473,-842.705048,-1554.432478,9030.512492
4030.583788,-842.705048,-814.226536,9178.553681
4030.584103,-306.438199,-444.123565,9474.636058
4030.584418,-612.876398,-222.061783,9770.718434
4030.584733,0.000000,518.144159,9918.759623
4030.585048,459.657299,888.247130,10436.903782
4030.585363,919.314598,962.267725,10510.924376
4030.585678,842.705048,888.247130,10510.924376
4030.585994,1302.362347,962.267725,10362.883188
4030.586309,1455.581446,814.226536,10362.883188
4030.586624,995.924147,370.102971,9918.759623
4030.586939,919.314598,-0.000000,9844.739029
4030.587254,1072.533697,-444.123565,9326.594869
4030.587569,383.047749,-1184.329507,9030.512492
4030.587884,153.219100,-1406.391290,8956.491898
4030.588199,-153.219100,-1332.370696,8290.306550
4030.588514,-459.657299,-1332.370696,8438.347739
4030.588829,-689.485948,-740.205942,8290.306550
4030.589144,-1302.362347,-1036.288319,8734.430116
4030.589459,-1149.143247,-222.061783,9474.636058
4030.589774,-1225.752797,-0.000000,9474.636058
4030.590090,-1149.143247,296.082377,9548.656652
4030.590405,-153.219100,518.144159,10510.924376
4030.590720,153.219100,814.226536,10584.944971
4030.591035,459.657299,888.247130,10214.842000
4030.591350,766.095498,888.247130,10658.965565
4030.591665,1072.533697,814.226536,10732.986159
4030.591980,1608.800546,1332.370696,9992.780217
4030.592295,1532.190996,962.267725,9474.636058
4030.592610,1225.752797,962.267725,9030.512492
4030.592925,1302.362347,444.123565,9252.574275
4030.593240,995.924147,-0.000000,8734.430116
4030.593555,76.609550,-666.185348,8438.347739
4030.593871,0.000000,-814.226536,8586.388927
4030.594186,-995.924147,-740.205942,8660.409521
4030.594501,-1149.143247,-888.247130,8660.409521
4030.594816,-1378.971896,-666.185348,9400.615463
4030.595131,-1378.971896,-74.020594,9844.739029
4030.595446,-1378.971896,222.061783,9770.718434
4030.595761,-1149.143247,888.247130,10510.924376
4030.596076,-459.657299,1036.288319,10955.047942
4030.596391,0.000000,1332.370696,10732.986159
4030.596706,383.047749,1998.556043,10510.924376
4030.597021,612.876398,1702.473667,10436.903782
4030.597336,919.314598,1702.473667,10510.924376
4030.597652,1302.362347,2072.576638,10140.821405
4030.597967,1838.629195,1406.391290,9548.656652
4030.598282,1149.143247,1332.370696,9400.615463
4030.598597,1149.143247,444.123565,8956.491898
4030.598912,459.657299,-222.061783,8512.368333
4030.599227,0.000000,-592.164754,8808.450710
4030.599542,-766.095498,-740.205942,8734.430116
4030.599857,-153.219100,-1036.288319,8808.450710
4030.600172,-1149.143247,-814.226536,8734.430116
4030.600487,-1302.362347,-370.102971,9178.553681
4030.600802,-1378.971896,-74.020594,9326.594869
4030.601117,-1302.362347,296.082377,9696.697840
4030.601433,-1225.752797,888.247130,10140.821405
4030.601748,-383.047749,1332.370696,10510.924376
4030.602063,383.047749,1480.411884,10362.883188
4030.602378,536.266849,1258.350101,10881.027347
4030.602693,995.924147,1554.432478,11103.089130
4030.603008,2145.067394,1258.350101,10436.903782
4030.603323,1762.019645,1702.473667,9770.718434
4030.603638,2068.457845,1480.411884,9696.697840
4030.603954,1532.190996,888.247130,9252.574275
4030.604269,919.314598,-222.061783,8734.430116
4030.604584,229.828649,-888.247130,8660.409521
4030.604899,-229.828649,-1258.350101,8956.491898
4030.605214,-766.095498,-1480.411884,8956.491898
4030.605529,-689.485948,-1776.494261,8882.471304
4030.605844,-842.705048,-1332.370696,9030.512492
4030.606159,-995.924147,-592.164754,9548.656652
4030.606474,-1072.533697,-370.102971,9400.615463
4030.606790,-995.924147,222.061783,9622.677246
4030.607105,-612.876398,666.185348,10214.842000
4030.607420,-459.657299,814.226536,10214.842000
4030.607735,612.876398,888.247130,10214.842000
4030.608050,612.876398,1258.350101,10436.903782
4030.608365,842.705048,962.267725,10807.006753
4030.608680,1072.533697,888.247130,10658.965565
4030.608995,1685.410096,296.082377,10140.821405
4030.609311,1302.362347,-74.020594,9696.697840
4030.609626,1225.752797,-296.082377,9548.656652
4030.609941,1072.533697,-666.185348,9326.594869
4030.610256,153.219100,-1332.370696,8512.368333
4030.610571,0.000000,-1702.473667,8438.347739
4030.610886,-306.438199,-1554.432478,8364.327145
4030.611201,-536.266849,-1628.453072,8438.347739
4030.611516,-842.705048,-888.247130,8660.409521
4030.611831,-1072.533697,-1110.308913,9104.533087
4030.612147,-919.314598,-222.061783,9400.615463
4030.612462,-1072.533697,-222.061783,9696.697840
4030.612777,-612.876398,-74.020594,9918.759623
4030.613092,-383.047749,-0.000000,10955.047942
4030.613407,383.047749,518.144159,10807.006753
4030.613722,689.485948,-0.000000,10362.883188
4030.614037,919.314598,592.164754,10362.883188
4030.614352,1149.143247,962.267725,10658.965565
4030.614668,1455.581446,740.205942,9844.739029
4030.614983,1378.971896,666.185348,9326.594869
4030.615298,1225.752797,148.041188,9030.512492
4030.615613,919.314598,-0.000000,8956.491898
4030.615928,766.095498,-518.144159,8882.471304
4030.616243,0.000000,-1110.308913,8586.388927
4030.616558,-306.438199,-1332.370696,8438.347739
4030.616873,-1072.533697,-1110.308913,8512.368333
4030.617188,-919.314598,-888.247130,8512.368333
4030.617504,-995.924147,-370.102971,9178.553681
4030.617819,-1532.190996,222.061783,9622.677246
4030.618134,-1378.971896,222.061783,9548.656652
4030.618449,-1378.971896,-222.061783,10140.821405
4030.618764,-612.876398,666.185348,10955.047942
4030.619079,383.047749,1332.370696,10658.965565
4030.619394,0.000000,1184.329507,10807.006753
4030.619709,536.266849,1554.432478,10658.965565
4030.620024,919.314598,1480.411884,10288.862594
4030.620340,1378.971896,1480.411884,9918.759623
4030.620655,1378.971896,1406.391290,10214.842000
4030.620970,1532.190996,1184.329507,9548.656652
4030.621285,1225.752797,740.205942,8734.430116
4030.621600,459.657299,-0.000000,8512.368333
4030.621915,153.219100,-592.164754,8512.368333
4030.622230,-689.485948,-444.123565,8586.388927
4030.622545,-766.095498,-518.144159,8808.450710
4030.622861,-1225.752797,-518.144159,8956.491898
4030.623176,-1532.190996,-0.000000,9474.636058
4030.623491,-1608.800546,-0.000000,9770.718434
4030.623806,-1608.800546,-0.000000,10658.965565
4030.624121,-1225.752797,1036.288319,10732.986159
4030.624436,-306.438199,1036.288319,10732.986159
4030.624751,459.657299,1628.453072,10658.965565
4030.625066,612.876398,1850.514855,11103.089130
4030.625381,1072.533697,2220.617826,10584.944971
4030.625697,1532.190996,2220.617826,10066.800811
4030.626012,2145.067394,2294.638420,9696.697840
4030.626327,1608.800546,1776.494261,9400.615463
4030.626642,1608.800546,814.226536,9178.553681
4030.626957,919.314598,-0.000000,9030.512492
4030.627272,76.609550,-666.185348,8956.491898
4030.627587,-306.438199,-962.267725,8956.491898
4030.627902,-842.705048,-1258.350101,8734.430116
4030.628218,-919.314598,-1036.288319,9178.553681
4030.628533,-1225.752797,-888.247130,9326.594869
4030.628848,-1378.971896,-592.164754,9252.574275
4030.629163,-1378.971896,-0.000000,9548.656652
4030.629478,-1378.971896,592.164754,9770.718434
4030.629793,-536.266849,962.267725,10066.800811
4030.630108,0.000000,1184.329507,10436.903782
4030.630423,766.095498,1554.432478,10510.924376
4030.630738,1225.752797,1258.350101,10436.903782
4030.631054,1302.362347,1184.329507,10510.924376
4030.631369,2068.457845,1036.288319,10510.924376
4030.631684,1991.848295,1258.350101,9548.656652
4030.631999,1608.800546,592.164754,8882.471304
4030.632314,1378.971896,-0.000000,8808.450710
4030.632629,1302.362347,-1258.350101,8734.430116
4030.632944,76.609550,-1184.329507,8660.409521
4030.633259,-459.657299,-1406.391290,8586.388927
4030.633575,-689.485948,-1702.473667,8438.347739
4030.633890,-536.266849,-1332.370696,8734.430116
4030.634205,-919.314598,-1036.288319,9252.574275
4030.634520,-1149.143247,-1110.308913,9548.656652
4030.634835,-1378.971896,-740.205942,9548.656652
4030.635150,-1149.143247,-148.041188,9770.718434
4030.635465,-459.657299,296.082377,10140.821405
4030.635780,383.047749,370.102971,11103.089130
4030.636095,842.705048,1184.329507,10584.944971
4030.636411,536.266849,1036.288319,10140.821405
4030.636726,995.924147,1184.329507,10362.883188
4030.637041,842.705048,1110.308913,10807.006753
4030.637356,1915.238745,740.205942,10362.883188
4030.637671,1378.971896,370.102971,9844.739029
4030.637986,1149.143247,-222.061783,9474.636058
4030.638301,766.095498,-814.226536,9178.553681
4030.638616,306.438199,-1110.308913,8808.450710
4030.638932,0.000000,-1628.453072,8660.409521
4030.639247,-612.876398,-1480.411884,8808.450710
4030.639562,-919.314598,-1258.350101,8438.347739
4030.639877,-1072.533697,-1036.288319,8586.388927
4030.640192,-995.924147,-1036.288319,9030.512492
4030.640507,-1302.362347,-370.102971,9178.553681
4030.640822,-1532.190996,-222.061783,9474.636058
4030.641137,-1225.752797,-0.000000,10214.842000
4030.641452,-229.828649,296.082377,10732.986159
4030.641768,0.000000,444.123565,10510.924376
4030.642083,612.876398,814.226536,10881.027347
4030.642398,842.705048,888.247130,11029.068536
4030.642713,1149.143247,962.267725,10214.842000
4030.643028,1455.581446,1332.370696,9696.697840
4030.643343,1915.238745,962.267725,9400.615463
4030.643658,1302.362347,296.082377,8808.450710
4030.643973,1149.143247,74.020594,8734.430116
4030.644289,612.876398,-370.102971,8364.327145
4030.644604,76.609550,-666.185348,8290.306550
4030.644919,-229.828649,-962.267725,8068.244768
4030.645234,-536.266849,-1332.370696,8438.347739
4030.645549,-1072.533697,-1036.288319,8808.450710
4030.645864,-1378.971896,-518.144159,9178.553681
4030.646179,-1455.581446,-74.020594,9548.656652
4030.646494,-612.876398,-148.041188,10140.821405
4030.646809,-612.876398,592.164754,10436.903782
4030.647125,0.000000,1258.350101,10214.842000
4030.647440,536.266849,1850.514855,10214.842000
4030.647755,919.314598,2146.597232,10658.965565
4030.648070,1302.362347,1998.556043,10436.903782
4030.648385,1685.410096,2220.617826,10584.944971
4030.648700,2145.067394,1924.535449,9918.759623
4030.649015,1685.410096,1480.411884,9548.656652
4030.649330,1685.410096,740.205942,9326.594869
4030.649646,995.924147,-0.000000,9474.636058
4030.649961,612.876398,-592.164754,9400.615463
4030.650276,0.000000,-888.247130,9104.533087
4030.650591,-612.876398,-888.247130,8586.388927
4030.650906,-612.876398,-888.247130,8734.430116
4030.651221,-1225.752797,-518.144159,9252.574275
4030.651536,-1149.143247,-370.102971,9400.615463
4030.651851,-1685.410096,-0.000000,9844.739029
4030.652166,-1302.362347,370.102971,9992.780217
4030.652482,-842.705048,444.123565,10288.862594
4030.652797,0.000000,962.267725,10881.027347
4030.653112,306.438199,1480.411884,11251.130318
4030.653427,919.314598,1554.432478,10807.006753
4030.653742,919.314598,1628.453072,10807.006753
4030.654057,1608.800546,1702.473667,10807.006753
4030.654372,1762.019645,1258.350101,9918.759623
4030.654687,1838.629195,1406.391290,9474.636058
4030.655003,1149.143247,222.061783,9104.533087
4030.655318,689.485948,-222.061783,8734.430116
4030.655633,536.266849,-962.267725,8586.388927
4030.655948,-689.485948,-1184.329507,8734.430116
4030.656263,-995.924147,-1406.391290,8808.450710
4030.656578,-1302.362347,-1554.432478,8734.430116
4030.656893,-1072.533697,-1110.308913,9178.553681
4030.657208,-1302.362347,-962.267725,9326.594869
4030.657523,-1532.190996,-370.102971,9992.780217
4030.657839,-1225.752797,-148.041188,9992.780217
4030.658154,-689.485948,444.123565,10362.883188
4030.658469,0.000000,1184.329507,10140.821405
4030.658784,766.095498,1406.391290,10140.821405
4030.659099,995.924147,1184.329507,10658.965565
4030.659414,1532.190996,1554.432478,10436.903782
4030.659729,1608.800546,1258.350101,10140.821405
4030.660044,1608.800546,1258.350101,9548.656652
4030.660360,1378.971896,666.185348,9548.656652
4030.660675,1302.362347,-148.041188,9770.718434
4030.660990,766.095498,-888.247130,9178.553681
4030.661305,229.828649,-1628.453072,8660.409521
4030.661620,-459.657299,-1850.514855,8956.491898
4030.661935,-689.485948,-1554.432478,8290.306550
4030.662250,-766.095498,-1924.535449,8586.388927
4030.662565,-1072.533697,-1628.453072,8808.450710
4030.662880,-1455.581446,-1258.350101,9178.553681
4030.663196,-995.924147,-592.164754,9178.553681
4030.663511,-689.485948,-74.020594,9474.636058
4030.663826,-383.047749,74.020594,10288.862594
4030.664141,0.000000,592.164754,10214.842000
4030.664456,689.485948,1184.329507,10658.965565
4030.664771,766.095498,1036.288319,10584.944971
4030.665086,1072.533697,888.247130,10436.903782
4030.665401,1532.190996,888.247130,10362.883188
4030.665717,1838.629195,962.267725,10140.821405
4030.666032,1608.800546,1332.370696,10140.821405
4030.666347,1225.752797,-0.000000,8882.471304
4030.666662,1149.143247,-296.082377,8808.450710
4030.666977,383.047749,-1258.350101,8882.471304
4030.667292,0.000000,-1110.308913,8660.409521
4030.667607,-459.657299,-1480.411884,8586.388927
4030.667922,-536.266849,-1184.329507,8882.471304
4030.668237,-995.924147,-740.205942,9030.512492
4030.668553,-1149.143247,-666.185348,9326.594869
4030.668868,-995.924147,-74.020594,9622.677246
4030.669183,-766.095498,-0.000000,9992.780217
4030.669498,-689.485948,888.247130,10436.903782
4030.669813,153.219100,1110.308913,10881.027347
4030.670128,306.438199,1628.453072,10436.903782
4030.670443,842.705048,1702.473667,10658.965565
4030.670758,1225.752797,1332.370696,10658.965565
4030.671074,1149.143247,1776.494261,10436.903782
4030.671389,1455.581446,1554.432478,10732.986159
4030.671704,1225.752797,962.267725,9622.677246
4030.672019,1072.533697,-0.000000,9104.533087
4030.672334,689.485948,-370.102971,9104.533087
4030.672649,0.000000,-740.205942,8734.430116
4030.672964,-536.266849,-1036.288319,8882.471304
4030.673279,-995.924147,-1036.288319,8586.388927
4030.673594,-842.705048,-814.226536,8364.327145
4030.673910,-1302.362347,-666.185348,8660.409521
4030.674225,-1378.971896,-148.041188,9030.512492
4030.674540,-1608.800546,222.061783,9918.759623
4030.674855,-1455.581446,444.123565,9992.780217
4030.675170,-689.485948,962.267725,10732.986159
4030.675485,-229.828649,1036.288319,10955.047942
4030.675800,229.828649,1628.453072,10955.047942
4030.676115,766.095498,1776.494261,10732.986159
4030.676431,995.924147,1554.432478,10658.965565
4030.676746,1762.019645,1554.432478,10584.944971
4030.677061,1915.238745,1258.350101,9770.718434
4030.677376,1378.971896,814.226536,9030.512492
4030.677691,995.924147,370.102971,8660.409521
4030.678006,612.876398,-148.041188,8364.327145
4030.678321,0.000000,-518.144159,8512.368333
4030.678636,-383.047749,-1036.288319,9030.512492
4030.678951,-612.876398,-1184.329507,8882.471304
4030.679267,-766.095498,-1258.350101,8586.388927
4030.679582,-1072.533697,-740.205942,9104.533087
4030.679897,-1225.752797,-666.185348,10066.800811
4030.680212,-1149.143247,370.102971,9918.759623
4030.680527,-842.705048,962.267725,9918.759623
4030.680842,-612.876398,1036.288319,10140.821405
4030.681157,306.438199,1332.370696,10436.903782
4030.681472,383.047749,1406.391290,10362.883188
4030.681788,536.266849,1776.494261,10510.924376
4030.682103,995.924147,1332.370696,10881.027347
4030.682418,919.314598,1184.329507,10510.924376
4030.682733,1302.362347,888.247130,9770.718434
4030.683048,1455.581446,444.123565,10140.821405
4030.683363,766.095498,-0.000000,9326.594869
4030.683678,383.047749,-518.144159,9252.574275
4030.683993,0.000000,-1110.308913,8734.430116
4030.684308,0.000000,-1406.391290,8364.327145
4030.684624,-612.876398,-1258.350101,8438.347739
4030.684939,-995.924147,-1184.329507,8290.306550
4030.685254,-919.314598,-740.205942,9104.533087
4030.685569,-1072.533697,-592.164754,9104.533087
4030.685884,-1225.752797,-74.020594,9474.636058
4030.686199,-995.924147,296.082377,10066.800811
4030.686514,-536.266849,148.041188,10584.944971
4030.686829,229.828649,592.164754,10510.924376
4030.687145,689.485948,666.185348,10732.986159
4030.687460,842.705048,888.247130,10881.027347
4030.687775,1072.533697,740.205942,10584.944971
4030.688090,1532.190996,1184.329507,9918.759623
4030.688405,1915.238745,1036.288319,9474.636058
4030.688720,1685.410096,592.164754,9252.574275
4030.689035,1532.190996,-222.061783,8808.450710
4030.689350,919.314598,-370.102971,8512.368333
4030.689665,229.828649,-1258.350101,8290.306550
4030.689981,-229.828649,-1332.370696,8660.409521
4030.690296,-766.095498,-1628.453072,8290.306550
4030.690611,-1225.752797,-1628.453072,9104.533087
4030.690926,-766.095498,-1332.370696,9400.615463
4030.691241,-1302.362347,-740.205942,9696.697840
4030.691556,-1225.752797,-148.041188,9622.677246
4030.691871,-995.924147,370.102971,9918.759623
4030.692186,-153.219100,1036.288319,10140.821405
4030.692502,229.828649,1184.329507,10732.986159
4030.692817,689.485948,1702.473667,10584.944971
4030.693132,612.876398,1406.391290,10362.883188
4030.693447,919.314598,1110.308913,10510.924376
4030.693762,1378.971896,1258.350101,10584.944971
4030.694077,1685.410096,1036.288319,9844.739029
4030.694392,1608.800546,370.102971,9696.697840
4030.694707,842.705048,-370.102971,9326.594869
4030.695022,766.095498,-888.247130,8882.471304
4030.695338,153.219100,-1332.370696,8512.368333
4030.695653,-306.438199,-1184.329507,8438.347739
4030.695968,0.000000,-962.267725,8438.347739
4030.696283,-919.314598,-888.247130,8290.306550
4030.696598,-1302.362347,-518.144159,8882.471304
4030.696913,-1149.143247,-518.144159,9030.512492
4030.697228,-1302.362347,-148.041188,9548.656652
4030.697543,-919.314598,-0.000000,10214.842000
4030.697859,-536.266849,740.205942,10584.944971
4030.698174,306.438199,814.226536,10955.047942
4030.698489,689.485948,1258.350101,10510.924376
4030.698804,1072.533697,1258.350101,10955.047942
4030.699119,919.314598,1628.453072,10584.944971
4030.699434,1685.410096,1406.391290,9918.759623
4030.699749,2145.067394,1702.473667,9844.739029
4030.700064,1532.190996,1332.370696,8882.471304
4030.700379,1455.581446,518.144159,8956.491898
4030.700695,536.266849,-222.061783,8734.430116
4030.701010,-383.047749,-1036.288319,8364.327145
4030.701325,-383.047749,-1184.329507,9030.512492
4030.701640,-1225.752797,-1110.308913,8882.471304
4030.701955,-1302.362347,-888.247130,9178.553681
4030.702270,-1378.971896,-814.226536,9474.636058
4030.702585,-1685.410096,-148.041188,9918.759623
4030.702900,-1225.752797,-0.000000,9918.759623
4030.703216,-1225.752797,1036.288319,10214.842000
4030.703531,-536.266849,1406.391290,10955.047942
4030.703846,459.657299,1776.494261,10436.903782
4030.704161,536.266849,1998.556043,10288.862594
4030.704476,1072.533697,1924.535449,11029.068536
4030.704791,1378.971896,1924.535449,10510.924376
4030.705106,1685.410096,1554.432478,10436.903782
4030.705421,1762.019645,1184.329507,9770.718434
4030.705737,1149.143247,370.102971,9104.533087
4030.706052,919.314598,-370.102971,8882.471304
4030.706367,0.000000,-814.226536,8734.430116
4030.706682,-306.438199,-1258.350101,8586.388927
4030.706997,-689.485948,-1702.473667,8808.450710
4030.707312,-1072.533697,-1480.411884,8364.327145
4030.707627,-1302.362347,-1110.308913,8290.306550
4030.707942,-1302.362347,-814.226536,8956.491898
4030.708258,-766.095498,-222.061783,9622.677246
4030.708573,-1149.143247,296.082377,9696.697840
4030.708888,-766.095498,444.123565,10288.862594
4030.709203,0.000000,666.185348,10658.965565
4030.709518,612.876398,1036.288319,10881.027347
4030.709833,842.705048,1110.308913,10881.027347
4030.710148,689.485948,1184.329507,10732.986159
4030.710463,1608.800546,1776.494261,10510.924376
4030.710779,1532.190996,1258.350101,9696.697840
4030.711094,1762.019645,740.205942,9400.615463
4030.711409,1378.971896,-0.000000,8808.450710
4030.711724,766.095498,-444.123565,8586.388927
4030.712039,153.219100,-1110.308913,8734.430116
4030.712354,-153.219100,-1628.453072,8586.388927
4030.712669,-612.876398,-1554.432478,8808.450710
4030.712984,-995.924147,-1924.535449,8438.347739
4030.713300,-1225.752797,-1258.350101,8660.409521
4030.713615,-1072.533697,-444.123565,9252.574275
4030.713930,-1149.143247,-148.041188,9548.656652
4030.714245,-842.705048,370.102971,10066.800811
4030.714560,-689.485948,370.102971,10140.821405
4030.714875,0.000000,1184.329507,10066.800811
4030.715190,612.876398,1406.391290,10955.047942
4030.715505,842.705048,1554.432478,10807.006753
4030.715821,1072.533697,1332.370696,11177.109724
4030.716136,766.095498,1480.411884,10881.027347
4030.716451,1072.533697,814.226536,10214.842000
4030.716766,1455.581446,518.144159,9622.677246
4030.717081,1455.581446,-74.020594,9622.677246
4030.717396,766.095498,-444.123565,9252.574275
4030.717711,153.219100,-518.144159,8734.430116
4030.718026,76.609550,-666.185348,8216.285956
4030.718342,-459.657299,-888.247130,8142.265362
4030.718657,-459.657299,-1258.350101,8068.244768
4030.718972,-1149.143247,-1036.288319,8512.368333
4030.719287,-1302.362347,-592.164754,8882.471304
4030.719602,-1072.533697,-444.123565,9474.636058
4030.719917,-1455.581446,-296.082377,9844.739029
4030.720232,-1225.752797,-0.000000,10881.027347
4030.720547,-689.485948,148.041188,11251.130318
4030.720863,229.828649,1036.288319,10881.027347
4030.721178,536.266849,1332.370696,10807.006753
4030.721493,1072.533697,1554.432478,10807.006753
4030.721808,1455.581446,1554.432478,10436.903782
4030.722123,1608.800546,1480.411884,9548.656652
4030.722438,1838.629195,1332.370696,9030.512492
4030.722753,1685.410096,814.226536,9104.533087
4030.723068,1302.362347,-0.000000,8882.471304
4030.723384,689.485948,-666.185348,8586.388927
4030.723699,-229.828649,-1184.329507,9030.512492
4030.724014,-612.876398,-1258.350101,8808.450710
4030.724329,-766.095498,-1554.432478,8660.409521
4030.724644,-1072.533697,-1110.308913,9178.553681
4030.724959,-1455.581446,-740.205942,9992.780217
4030.725274,-1532.190996,-74.020594,9696.697840
4030.725589,-1608.800546,370.102971,9548.656652
4030.725905,-842.705048,888.247130,10584.944971
4030.726220,-306.438199,1480.411884,10584.944971
4030.726535,459.657299,1924.535449,10658.965565
4030.726850,612.876398,1702.473667,10584.944971
4030.727165,919.314598,1702.473667,10510.924376
4030.727480,1225.752797,1554.432478,10362.883188
4030.727795,1455.581446,1184.329507,10140.821405
4030.728111,1378.971896,666.185348,9844.739029
4030.728426,1762.019645,518.144159,9104.533087
4030.728741,766.095498,-370.102971,8660.409521
4030.729056,306.438199,-592.164754,8512.368333
4030.729371,0.000000,-888.247130,8290.306550
4030.729686,-383.047749,-1258.350101,8438.347739
4030.730001,-766.095498,-814.226536,8216.285956
4030.730316,-919.314598,-1036.288319,8734.430116
4030.730632,-995.924147,-666.185348,9104.533087
4030.730947,-1225.752797,-518.144159,9770.718434
4030.731262,-1072.533697,-0.000000,10288.862594
4030.731577,-1378.971896,148.041188,10584.944971
4030.731892,0.000000,962.267725,11473.192101
4030.732207,919.314598,1258.350101,11103.089130
4030.732522,919.314598,1480.411884,10881.027347
4030.732837,1149.143247,1406.391290,10436.903782
4030.733153,1455.581446,1554.432478,9992.780217
4030.733468,1991.848295,1332.370696,10140.821405
4030.733783,1838.629195,814.226536,9548.656652
4030.734098,1225.752797,-0.000000,8882.471304
4030.734413,995.924147,-370.102971,8808.450710
4030.734728,306.438199,-962.267725,8734.430116
4030.735043,0.000000,-1332.370696,8882.471304
4030.735358,-536.266849,-1554.432478,8808.450710
4030.735674,-919.314598,-1776.494261,8882.471304
4030.735989,-1149.143247,-1554.432478,8660.409521
4030.736304,-1302.362347,-814.226536,9178.553681
4030.736619,-1072.533697,-148.041188,9474.636058
4030.736934,-1455.581446,444.123565,10214.842000
4030.737249,-842.705048,888.247130,10362.883188
4030.737564,0.000000,1110.308913,10436.903782
4030.737879,306.438199,1184.329507,10066.800811
4030.738195,536.266849,1258.350101,10436.903782
4030.738510,536.266849,1258.350101,10807.006753
4030.738825,459.657299,592.164754,11103.089130
4030.739140,842.705048,666.185348,10288.862594
4030.739455,1149.143247,518.144159,9696.697840
4030.739770,1072.533697,-148.041188,9326.594869
4030.740085,766.095498,-740.205942,8512.368333
4030.740400,459.657299,-592.164754,8586.388927
4030.740716,76.609550,-962.267725,8586.388927
4030.741031,-612.876398,-740.205942,8364.327145
4030.741346,-459.657299,-1184.329507,7772.162391
4030.741661,-536.266849,-740.205942,8734.430116
4030.741976,-1072.533697,-814.226536,9178.553681
4030.742291,-1378.971896,-444.123565,9474.636058
4030.742606,-919.314598,-222.061783,9992.780217
4030.742921,-612.876398,296.082377,10436.903782
4030.743237,0.000000,666.185348,11177.109724
4030.743552,459.657299,1110.308913,10732.986159
4030.743867,995.924147,1554.432478,10288.862594
4030.744182,995.924147,1554.432478,10807.006753
4030.744497,766.095498,1406.391290,10436.903782
4030.744812,1302.362347,1628.453072,10066.800811
4030.745127,1302.362347,1332.370696,9548.656652
4030.745442,1149.143247,444.123565,8882.471304
4030.745758,919.314598,-0.000000,8882.471304
4030.746073,153.219100,-666.185348,9326.594869
4030.746388,-229.828649,-1258.350101,8882.471304
4030.746703,-612.876398,-1184.329507,8882.471304
4030.747018,-995.924147,-1406.391290,8586.388927
4030.747333,-1072.533697,-888.247130,8956.491898
4030.747648,-1302.362347,-0.000000,9770.718434
4030.747963,-842.705048,-0.000000,9474.636058
4030.748279,-1072.533697,814.226536,10066.800811
4030.748594,-995.924147,888.247130,10288.862594
4030.748909,-306.438199,1110.308913,10732.986159
4030.749224,536.266849,1480.411884,10807.006753
4030.749539,919.314598,1406.391290,11029.068536
4030.749854,766.095498,1554.432478,10881.027347
4030.750169,1225.752797,1480.411884,10732.986159
4030.750484,1838.629195,1184.329507,9992.780217
4030.750800,1991.848295,888.247130,9474.636058
4030.751115,2145.067394,222.061783,9252.574275
4030.751430,1455.581446,-296.082377,8734.430116
4030.751745,689.485948,-370.102971,8290.306550
4030.752060,76.609550,-962.267725,8216.285956
4030.752375,-383.047749,-1184.329507,8290.306550
4030.752690,-766.095498,-1258.350101,8660.409521
4030.753005,-1225.752797,-888.247130,8586.388927
4030.753321,-1149.143247,-518.144159,9178.553681
4030.753636,-1532.190996,-222.061783,9918.759623
4030.753951,-995.924147,370.102971,10288.862594
4030.754266,-536.266849,444.123565,10510.924376
4030.754581,0.000000,740.205942,10807.006753
4030.754896,842.705048,1480.411884,10658.965565
4030.755211,1149.143247,1850.514855,10807.006753
4030.755526,1302.362347,1776.494261,10510.924376
4030.755842,1455.581446,1628.453072,9992.780217
4030.756157,1455.581446,1554.432478,9474.636058
4030.756472,1685.410096,666.185348,9400.615463
4030.756787,919.314598,-74.020594,9252.574275
4030.757102,766.095498,-814.226536,9104.533087
4030.757417,612.876398,-1258.350101,8956.491898
4030.757732,-689.485948,-1702.473667,8512.368333
4030.758047,-919.314598,-1554.432478,8808.450710
4030.758363,-995.924147,-1258.350101,8734.430116
4030.758678,-1302.362347,-1258.350101,9030.512492
4030.758993,-1225.752797,-518.144159,8956.491898
4030.759308,-1149.143247,-148.041188,9474.636058
4030.759623,-1302.362347,592.164754,9474.636058
4030.759938,-842.705048,592.164754,10288.862594
4030.760253,76.609550,814.226536,10436.903782
4030.760568,229.828649,888.247130,10362.883188
4030.760884,459.657299,1332.370696,10881.027347
4030.761199,766.095498,1036.288319,10658.965565
4030.761514,1378.971896,962.267725,10436.903782
4030.761829,1762.019645,592.164754,10066.800811
4030.762144,1685.410096,444.123565,9400.615463
4030.762459,1762.019645,-148.041188,9104.533087
4030.762774,1072.533697,-518.144159,8068.244768
4030.763089,76.609550,-1184.329507,7698.141797
4030.763405,-459.657299,-1332.370696,8808.450710
4030.763720,-995.924147,-1332.370696,8142.265362
4030.764035,-766.095498,-1480.411884,8216.285956
4030.764350,-842.705048,-1110.308913,8808.450710
4030.764665,-1149.143247,-1184.329507,9770.718434
4030.764980,-1302.362347,-0.000000,9622.677246
4030.765295,-1149.143247,-296.082377,9992.780217
4030.765610,-536.266849,296.082377,10436.903782
4030.765926,0.000000,1184.329507,10658.965565
4030.766241,766.095498,1702.473667,10288.862594
4030.766556,1455.581446,1850.514855,10288.862594
4030.766871,766.095498,2220.617826,10436.903782
4030.767186,1072.533697,1776.494261,9992.780217
4030.767501,1225.752797,1554.432478,9696.697840
4030.767816,1072.533697,666.185348,9770.718434
4030.768131,689.485948,-370.102971,9474.636058
4030.768447,383.047749,-740.205942,9548.656652
4030.768762,-153.219100,-1110.308913,9326.594869
4030.769077,-459.657299,-1332.370696,9400.615463
4030.769392,-612.876398,-962.267725,9104.533087
4030.769707,-306.438199,-1036.288319,8734.430116
4030.770022,-995.924147,-518.144159,8438.347739
4030.770337,-766.095498,-0.000000,8438.347739
4030.770653,-919.314598,370.102971,9400.615463
4030.770968,-1149.143247,888.247130,10066.800811
4030.771283,-689.485948,1036.288319,10584.944971
4030.771598,0.000000,1406.391290,10658.965565
4030.771913,383.047749,1628.453072,10732.986159
4030.772228,995.924147,1628.453072,10955.047942
4030.772543,919.314598,1258.350101,11177.109724
4030.772858,1072.533697,2146.597232,11103.089130
4030.773174,1608.800546,1332.370696,10362.883188
4030.773489,1532.190996,1184.329507,9548.656652
4030.773804,1378.971896,296.082377,8734.430116
4030.774119,995.924147,-0.000000,8734.430116
4030.774434,306.438199,-296.082377,8512.368333
4030.774749,0.000000,-592.164754,8364.327145
4030.775064,-383.047749,-888.247130,8734.430116
4030.775379,-842.705048,-814.226536,8586.388927
4030.775695,-1072.533697,-740.205942,9104.533087
4030.776010,-1072.533697,-592.164754,9474.636058
4030.776325,-995.924147,-0.000000,10066.800811
4030.776640,-1072.533697,444.123565,10140.821405
4030.776955,-536.266849,814.226536,10732.986159
4030.777270,536.266849,1332.370696,10807.006753
4030.777585,766.095498,1480.411884,10658.965565
4030.777900,1072.533697,1850.514855,10807.006753
4030.778216,1455.581446,1850.514855,10584.944971
4030.778531,1608.800546,1702.473667,10362.883188
4030.778846,2374.896044,962.267725,9844.739029
4030.779161,1149.143247,740.205942,9622.677246
4030.779476,1149.143247,-148.041188,9400.615463
4030.779791,919.314598,-666.185348,8956.491898
4030.780106,153.219100,-1628.453072,8586.388927
4030.780421,-383.047749,-1998.556043,8882.471304
4030.780737,-536.266849,-1554.432478,8512.368333
4030.781052,-766.095498,-1406.391290,7994.224174
4030.781367,-995.924147,-888.247130,8660.409521
4030.781682,-1302.362347,-740.205942,9178.553681
4030.781997,-1149.143247,-370.102971,8734.430116
4030.782312,-1225.752797,-0.000000,9474.636058
4030.782627,-612.876398,222.061783,10362.883188
4030.782942,0.000000,518.144159,10807.006753
4030.783258,76.609550,888.247130,10436.903782
4030.783573,459.657299,814.226536,10881.027347
4030.783888,1149.143247,888.247130,10955.047942
4030.784203,1225.752797,888.247130,10362.883188
4030.784518,1685.410096,666.185348,9696.697840
4030.784833,1685.410096,-0.000000,9622.677246
4030.785148,919.314598,-296.082377,8808.450710
4030.785463,919.314598,-666.185348,8660.409521
4030.785779,0.000000,-962.267725,8438.347739
4030.786094,-306.438199,-1406.391290,8512.368333
4030.786409,-766.095498,-1554.432478,8364.327145
4030.786724,-1072.533697,-1554.432478,8216.285956
4030.787039,-1225.752797,-1406.391290,8956.491898
4030.787354,-1302.362347,-1184.329507,9548.656652
4030.787669,-1302.362347,-666.185348,9770.718434
4030.787984,-1302.362347,-222.061783,10140.821405
4030.788300,-536.266849,296.082377,10362.883188
4030.788615,76.609550,1036.288319,10510.924376
4030.788930,766.095498,1480.411884,10584.944971
4030.789245,995.924147,1332.370696,10436.903782
4030.789560,1225.752797,1258.350101,10436.903782
4030.789875,1608.800546,1480.411884,10140.821405
4030.790190,1302.362347,1110.308913,10140.821405
4030.790505,1685.410096,814.226536,9400.615463
4030.790821,1072.533697,-0.000000,9326.594869
4030.791136,536.266849,-666.185348,9252.574275
4030.791451,383.047749,-1406.391290,8882.471304
4030.791766,-306.438199,-1480.411884,8290.306550
4030.792081,-842.705048,-1480.411884,8290.306550
4030.792396,-766.095498,-1036.288319,8734.430116
4030.792711,-1225.752797,-592.164754,8512.368333
4030.793026,-1072.533697,-0.000000,8808.450710
4030.793342,-1378.971896,-0.000000,9474.636058
4030.793657,-1455.581446,296.082377,10066.800811
4030.793972,0.000000,1036.288319,10288.862594
4030.794287,-229.828649,1110.308913,10955.047942
4030.794602,459.657299,1702.473667,11177.109724
4030.794917,612.876398,1776.494261,10955.047942
4030.795232,766.095498,1406.391290,10732.986159
4030.795547,1072.533697,1554.432478,11029.068536
4030.795863,1762.019645,1554.432478,9918.759623
4030.796178,1685.410096,1184.329507,9252.574275
4030.796493,1302.362347,740.205942,8808.450710
4030.796808,995.924147,148.041188,8660.409521
4030.797123,306.438199,-74.020594,8142.265362
4030.797438,-306.438199,-592.164754,8216.285956
4030.797753,-842.705048,-444.123565,8882.471304
4030.798068,-1225.752797,-1036.288319,8882.471304
4030.798384,-766.095498,-962.267725,9252.574275
4030.798699,-1762.019645,-518.144159,9992.780217
4030.799014,-1838.629195,-0.000000,10140.821405
4030.799329,-1225.752797,666.185348,10658.965565
4030.799644,-383.047749,1258.350101,10955.047942
4030.799959,459.657299,1702.473667,10732.986159
4030.800274,689.485948,2368.659014,10584.944971
4030.800589,1149.143247,2516.700203,10362.883188
4030.800905,1608.800546,2368.659014,10214.842000
4030.801220,1838.629195,1924.535449,10288.862594
4030.801535,1378.971896,1332.370696,9844.739029
4030.801850,995.924147,740.205942,9622.677246
4030.802165,919.314598,-74.020594,9178.553681
4030.802480,459.657299,-888.247130,8882.471304
4030.802795,-229.828649,-1480.411884,8586.388927
4030.803111,-766.095498,-1702.473667,9548.656652
4030.803426,-1072.533697,-1776.494261,8734.430116
4030.803741,-1225.752797,-1332.370696,8364.327145
4030.804056,-919.314598,-592.164754,8808.450710
4030.804371,-1225.752797,-148.041188,8956.491898
4030.804687,-612.876398,666.185348,9474.636058
4030.805002,-689.485948,888.247130,9696.697840
4030.805317,0.000000,962.267725,10436.903782
4030.805632,459.657299,1110.308913,10436.903782
4030.805947,536.266849,1184.329507,10584.944971
4030.806263,919.314598,962.267725,10881.027347
4030.806578,1455.581446,814.226536,10807.006753
4030.806893,1608.800546,888.247130,10288.862594
4030.807208,1685.410096,666.185348,9548.656652
4030.807523,1608.800546,-0.000000,9326.594869
4030.807839,1378.971896,222.061783,8660.409521
4030.808154,612.876398,-962.267725,8068.244768
4030.808469,153.219100,-1480.411884,8216.285956
4030.808784,-459.657299,-1406.391290,8216.285956
4030.809099,-766.095498,-1702.473667,8364.327145
4030.809415,-766.095498,-1554.432478,8882.471304
4030.809730,-1225.752797,-1258.350101,9474.636058
4030.810045,-1225.752797,-518.144159,9696.697840
4030.810360,-1072.533697,-222.061783,10140.821405
4030.810675,-459.657299,-0.000000,10881.027347
4030.810990,-383.047749,814.226536,10436.903782
4030.811306,153.219100,888.247130,9992.780217
4030.811621,689.485948,1184.329507,10510.924376
4030.811936,766.095498,1258.350101,10362.883188
4030.812251,995.924147,1184.329507,10362.883188
4030.812566,1149.143247,740.205942,9918.759623
4030.812882,1302.362347,296.082377,9548.656652
4030.813197,1072.533697,-0.000000,9326.594869
4030.813512,689.485948,-814.226536,9252.574275
4030.813827,76.609550,-1332.370696,9474.636058
4030.814142,0.000000,-1850.514855,8882.471304
4030.814458,-842.705048,-1850.514855,8808.450710
4030.814773,-612.876398,-1480.411884,8438.347739
4030.815088,-459.657299,-1184.329507,8290.306550
4030.815403,-459.657299,-296.082377,8290.306550
4030.815718,-842.705048,-0.000000,8734.430116
4030.816034,-995.924147,370.102971,9326.594869
4030.816349,-919.314598,666.185348,9696.697840
4030.816664,-459.657299,888.247130,10658.965565
4030.816979,0.000000,444.123565,10955.047942
4030.817294,306.438199,962.267725,10807.006753
4030.817610,612.876398,740.205942,11399.171507
4030.817925,842.705048,1184.329507,10881.027347
4030.818240,1302.362347,1258.350101,10510.924376
4030.818555,2068.457845,1036.288319,9252.574275
4030.818870,1608.800546,814.226536,8808.450710
4030.819186,1302.362347,444.123565,8586.388927
4030.819501,995.924147,-0.000000,8364.327145
4030.819816,153.219100,-592.164754,8142.265362
4030.820131,-766.095498,-888.247130,8068.244768
4030.820446,-689.485948,-1036.288319,8734.430116
4030.820762,-995.924147,-888.247130,8660.409521
4030.821077,-1302.362347,-740.205942,9622.677246
4030.821392,-1072.533697,-592.164754,10510.924376
4030.821707,-1302.362347,296.082377,10214.842000
4030.822022,-995.924147,888.247130,10140.821405
4030.822338,-306.438199,1480.411884,10807.006753
4030.822653,536.266849,1702.473667,10658.965565
4030.822968,229.828649,1702.473667,10658.965565
4030.823283,1455.581446,2072.576638,10510.924376
4030.823598,766.095498,2072.576638,10362.883188
4030.823914,1455.581446,1850.514855,9844.739029
4030.824229,1378.971896,1332.370696,9474.636058
4030.824544,1149.143247,444.123565,9844.739029
4030.824859,536.266849,-518.144159,9178.553681
4030.825174,153.219100,-1184.329507,9030.512492
4030.825489,-153.219100,-1258.350101,8660.409521
4030.825805,-306.438199,-1110.308913,8808.450710
4030.826120,-612.876398,-1036.288319,8808.450710
4030.826435,-995.924147,-296.082377,8438.347739
4030.826750,-842.705048,-74.020594,8882.471304
4030.827065,-995.924147,444.123565,9104.533087
4030.827381,-1378.971896,814.226536,9474.636058
4030.827696,-1225.752797,1184.329507,10066.800811
4030.828011,-536.266849,1036.288319,10881.027347
4030.828326,0.000000,1184.329507,10955.047942
4030.828641,459.657299,1110.308913,11325.150913
4030.828957,689.485948,1036.288319,11473.192101
4030.829272,919.314598,1110.308913,10658.965565
4030.829587,1378.971896,1110.308913,9992.780217
4030.829902,1608.800546,888.247130,9844.739029
4030.830217,1455.581446,592.164754,9178.553681
4030.830533,1225.752797,296.082377,8290.306550
4030.830848,612.876398,-148.041188,7994.224174
4030.831163,153.219100,-888.247130,7772.162391
4030.831478,-306.438199,-1036.288319,8216.285956
4030.831793,-459.657299,-1480.411884,8512.368333
4030.832109,-1072.533697,-1702.473667,9326.594869
4030.832424,-1302.362347,-962.267725,9474.636058
4030.832739,-919.314598,-518.144159,9622.677246
4030.833054,-689.485948,-74.020594,10066.800811
4030.833369,-612.876398,518.144159,10658.965565
4030.833685,-153.219100,1036.288319,10510.924376
4030.834000,229.828649,1332.370696,10584.944971
4030.834315,1302.362347,1480.411884,10288.862594
4030.834630,995.924147,1184.329507,10140.821405
4030.834945,995.924147,1406.391290,10066.800811
4030.835261,1225.752797,814.226536,10732.986159
4030.835576,1455.581446,-0.000000,10066.800811
4030.835891,1608.800546,-370.102971,9622.677246
4030.836206,842.705048,-962.267725,9548.656652
4030.836521,459.657299,-1628.453072,9326.594869
4030.836837,383.047749,-1480.411884,9104.533087
4030.837152,0.000000,-1480.411884,8882.471304
4030.837467,153.219100,-1628.453072,8364.327145
4030.837782,-306.438199,-1184.329507,8364.327145
4030.838097,-306.438199,-518.144159,8586.388927
4030.838413,-995.924147,-296.082377,9326.594869
4030.838728,-919.314598,-74.020594,9474.636058
4030.839043,-383.047749,-0.000000,10066.800811
4030.839358,-229.828649,222.061783,10732.986159
4030.839673,689.485948,592.164754,11399.171507
4030.839988,459.657299,592.164754,10732.986159
4030.840304,306.438199,666.185348,10807.006753
4030.840619,919.314598,888.247130,11325.150913
4030.840934,1455.581446,666.185348,10436.903782
4030.841249,1685.410096,666.185348,9622.677246
4030.841564,1608.800546,592.164754,8882.471304
4030.841880,1455.581446,-74.020594,8512.368333
4030.842195,689.485948,-370.102971,8364.327145
4030.842510,153.219100,-888.247130,8216.285956
4030.842825,-842.705048,-1480.411884,8660.409521
4030.843140,-1072.533697,-1406.391290,8364.327145
4030.843456,-1378.971896,-1184.329507,8586.388927
4030.843771,-1378.971896,-1036.288319,9104.533087
4030.844086,-1762.019645,-444.123565,9918.759623
4030.844401,-1915.238745,-0.000000,10214.842000
4030.844716,-1685.410096,444.123565,10510.924376
4030.845032,-459.657299,740.205942,10658.965565
4030.845347,306.438199,1110.308913,10140.821405
4030.845662,383.047749,2220.617826,10436.903782
4030.845977,919.314598,2146.597232,10362.883188
4030.846292,1225.752797,1850.514855,10066.800811
4030.846608,1455.581446,1776.494261,10140.821405
4030.846923,1455.581446,1184.329507,9474.636058
4030.847238,1225.752797,444.123565,9104.533087
4030.847553,1149.143247,-74.020594,9178.553681
4030.847868,383.047749,-666.185348,8956.491898
4030.848184,76.609550,-1036.288319,8364.327145
4030.848499,-612.876398,-1184.329507,8364.327145
4030.848814,-919.314598,-1258.350101,8364.327145
4030.849129,-1225.752797,-888.247130,8882.471304
4030.849444,-1378.971896,-148.041188,9252.574275
4030.849760,-1149.143247,-74.020594,9474.636058
4030.850075,-1378.971896,814.226536,9770.718434
4030.850390,-1072.533697,1258.350101,10658.965565
4030.850705,0.000000,1480.411884,10881.027347
4030.851020,1225.752797,1554.432478,10881.027347
4030.851336,919.314598,1702.473667,11399.171507
4030.851651,1225.752797,1850.514855,11177.109724
4030.851966,1608.800546,1924.535449,10881.027347
4030.852281,1685.410096,1702.473667,10140.821405
4030.852596,1685.410096,1184.329507,9622.677246
4030.852912,1378.971896,740.205942,9252.574275
4030.853227,766.095498,370.102971,8734.430116
4030.853542,383.047749,-814.226536,8882.471304
4030.853857,-383.047749,-1110.308913,8438.347739
4030.854172,-1072.533697,-1036.288319,8290.306550
4030.854487,-1455.581446,-1406.391290,8734.430116
4030.854803,-1685.410096,-1554.432478,9400.615463
4030.855118,-1072.533697,-814.226536,10288.862594
4030.855433,-1072.533697,-0.000000,9992.780217
4030.855748,-306.438199,222.061783,10066.800811
4030.856063,-229.828649,1258.350101,10214.842000
4030.856379,459.657299,1850.514855,10362.883188
4030.856694,1149.143247,1998.556043,10584.944971
4030.857009,1302.362347,1850.514855,10214.842000
4030.857324,1455.581446,1776.494261,10140.821405
4030.857639,1149.143247,1554.432478,9918.759623
4030.857955,1302.362347,592.164754,9844.739029
4030.858270,1072.533697,148.041188,9770.718434
4030.858585,842.705048,-814.226536,9326.594869
4030.858900,229.828649,-1332.370696,9178.553681
4030.859215,0.000000,-1776.494261,8586.388927
4030.859531,-306.438199,-1850.514855,8660.409521
4030.859846,-536.266849,-1924.535449,8734.430116
4030.860161,-459.657299,-1776.494261,8586.388927
4030.860476,-689.485948,-518.144159,8586.388927
4030.860791,-842.705048,-222.061783,8808.450710
4030.861107,-536.266849,-74.020594,9474.636058
4030.861422,-612.876398,370.102971,9622.677246
4030.861737,-459.657299,740.205942,10140.821405
4030.862052,76.609550,370.102971,10732.986159
4030.862367,536.266849,518.144159,11029.068536
4030.862683,383.047749,592.164754,11399.171507
4030.862998,459.657299,296.082377,11177.109724
4030.863313,536.266849,296.082377,10510.924376
4030.863628,1225.752797,592.164754,9918.759623
4030.863943,1225.752797,444.123565,9474.636058
4030.864259,1149.143247,-74.020594,9252.574275
4030.864574,1302.362347,-592.164754,9030.512492
4030.864889,153.219100,-888.247130,7920.203579
4030.865204,-229.828649,-888.247130,8364.327145
4030.865519,-459.657299,-1036.288319,8438.347739
4030.865835,-689.485948,-1480.411884,8512.368333
4030.866150,-766.095498,-1258.350101,8956.491898
4030.866465,-1225.752797,-962.267725,9252.574275
4030.866780,-1149.143247,-666.185348,9474.636058
4030.867095,-995.924147,-74.020594,9992.780217
4030.867411,-536.266849,518.144159,10584.944971
4030.867726,76.609550,666.185348,11029.068536
4030.868041,76.609550,1554.432478,9918.759623
4030.868356,383.047749,1554.432478,10214.842000
4030.868671,995.924147,1702.473667,10658.965565
4030.868986,1149.143247,1184.329507,10140.821405
4030.869302,1378.971896,740.205942,10066.800811
4030.869617,1685.410096,444.123565,9474.636058
4030.869932,1455.581446,-0.000000,9474.636058
4030.870247,919.314598,-444.123565,9252.574275
4030.870562,459.657299,-666.185348,8882.471304
4030.870878,0.000000,-666.185348,9030.512492
4030.871193,-229.828649,-962.267725,8660.409521
4030.871508,-536.266849,-666.185348,8216.285956
4030.871823,-612.876398,-518.144159,8956.491898
4030.872138,-919.314598,-0.000000,8882.471304
4030.872454,-766.095498,370.102971,9622.677246
4030.872769,-1225.752797,592.164754,10066.800811
4030.873084,-842.705048,740.205942,11103.089130
4030.873399,-229.828649,1110.308913,11547.212695
4030.873714,459.657299,962.267725,11251.130318
4030.874030,536.266849,1628.453072,11325.150913
4030.874345,995.924147,1850.514855,11029.068536
4030.874660,1685.410096,1924.535449,10362.883188
4030.874975,1685.410096,1628.453072,10066.800811
4030.875290,2068.457845,1702.473667,9326.594869
4030.875606,1838.629195,814.226536,8216.285956
4030.875921,1225.752797,222.061783,8290.306550
4030.876236,383.047749,-370.102971,8512.368333
4030.876551,0.000000,-814.226536,8438.347739
4030.876866,-689.485948,-1110.308913,8734.430116
4030.877182,-995.924147,-1702.473667,8882.471304
4030.877497,-1608.800546,-1332.370696,9178.553681
4030.877812,-1532.190996,-666.185348,9844.739029
4030.878127,-1762.019645,-148.041188,10140.821405
4030.878442,-1608.800546,296.082377,10140.821405
4030.878758,-842.705048,1110.308913,10362.883188
4030.879073,0.000000,1702.473667,10510.924376
4030.879388,612.876398,1776.494261,10584.944971
4030.879703,919.314598,1924.535449,10140.821405
4030.880018,1225.752797,2294.638420,10510.924376
4030.880334,1455.581446,1480.411884,10288.862594
4030.880649,1608.800546,1184.329507,9770.718434
4030.880964,1532.190996,444.123565,9474.636058
4030.881279,919.314598,-296.082377,9326.594869
4030.881594,153.219100,-962.267725,8882.471304
4030.881910,0.000000,-1554.432478,8660.409521
4030.882225,-536.266849,-1480.411884,8734.430116
4030.882540,-1149.143247,-1850.514855,8586.388927
4030.882855,-1149.143247,-1480.411884,8290.306550
4030.883170,-1149.143247,-740.205942,8660.409521
4030.883485,-1072.533697,-296.082377,9252.574275
4030.883801,-1455.581446,-0.000000,10140.821405
4030.884116,-1225.752797,888.247130,10288.862594
4030.884431,-459.657299,962.267725,10658.965565
4030.884746,229.828649,1184.329507,10807.006753
4030.885061,689.485948,1036.288319,11177.109724
4030.885377,766.095498,1332.370696,11399.171507
4030.885692,1225.752797,1184.329507,10807.006753
4030.886007,1455.581446,1258.350101,10436.903782
4030.886322,1915.238745,1332.370696,9844.739029
4030.886637,1991.848295,370.102971,9178.553681
4030.886953,1302.362347,-0.000000,9030.512492
4030.887268,766.095498,-666.185348,8364.327145
4030.887583,0.000000,-1332.370696,8512.368333
4030.887898,-229.828649,-1628.453072,8438.347739
4030.888213,-612.876398,-1850.514855,8142.265362
4030.888529,-842.705048,-1776.494261,8882.471304
4030.888844,-1149.143247,-1406.391290,9252.574275
4030.889159,-1225.752797,-666.185348,9622.677246
4030.889474,-1072.533697,-148.041188,9474.636058
4030.889789,-1225.752797,370.102971,10510.924376
4030.890105,-612.876398,592.164754,10214.842000
4030.890420,153.219100,1258.350101,10807.006753
4030.890735,612.876398,1406.391290,10584.944971
4030.891050,1685.410096,1332.370696,10732.986159
4030.891365,919.314598,1184.329507,10510.924376
4030.891681,1378.971896,962.267725,10140.821405
4030.891996,1532.190996,814.226536,9770.718434
4030.892311,1378.971896,296.082377,9474.636058
4030.892626,842.705048,-296.082377,9474.636058
4030.892941,766.095498,-1110.308913,8956.491898
4030.893257,229.828649,-1110.308913,8290.306550
4030.893572,76.609550,-1036.288319,8438.347739
4030.893887,-153.219100,-1036.288319,8142.265362
4030.894202,0.000000,-1036.288319,8290.306550
4030.894517,-536.266849,-740.205942,8660.409521
4030.894833,-1225.752797,-296.082377,9252.574275
4030.895148,-1225.752797,-0.000000,9474.636058
4030.895463,-1225.752797,296.082377,9844.739029
4030.895778,-536.266849,518.144159,10732.986159
4030.896093,153.219100,1036.288319,11399.171507
4030.896409,153.219100,962.267725,10807.006753
4030.896724,459.657299,1110.308913,11251.130318
4030.897039,842.705048,1554.432478,10658.965565
4030.897354,1302.362347,1628.453072,10510.924376
4030.897669,1608.800546,1702.473667,9918.759623
4030.897984,1532.190996,1110.308913,9474.636058
4030.898300,1225.752797,370.102971,8808.450710
4030.898615,1302.362347,-148.041188,9030.512492
4030.898930,995.924147,-74.020594,8512.368333
4030.899245,0.000000,-888.247130,8660.409521
4030.899560,-766.095498,-1258.350101,9030.512492
4030.899876,-1149.143247,-1480.411884,8808.450710
4030.900191,-1072.533697,-1110.308913,9474.636058
4030.900506,-1532.190996,-518.144159,9474.636058
4030.900821,-1532.190996,-0.000000,9844.739029
4030.901136,-1455.581446,148.041188,9992.780217
4030.901451,-383.047749,814.226536,10362.883188
4030.901766,0.000000,1184.329507,11029.068536
4030.902081,536.266849,1406.391290,10510.924376
4030.902396,1072.533697,1924.535449,10362.883188
4030.902711,1225.752797,1628.453072,10214.842000
4030.903027,1685.410096,1628.453072,10066.800811
4030.903342,2298.286494,1332.370696,9770.718434
4030.903657,1455.581446,740.205942,9548.656652
4030.903972,1302.362347,-0.000000,9030.512492
4030.904287,612.876398,-666.185348,8734.430116
4030.904602,229.828649,-814.226536,8290.306550
4030.904917,-612.876398,-1406.391290,8512.368333
4030.905232,-919.314598,-1332.370696,8512.368333
4030.905547,-1532.190996,-1184.329507,8956.491898
4030.905862,-1455.581446,-888.247130,8956.491898
4030.906177,-1608.800546,-148.041188,9474.636058
4030.906492,-1378.971896,148.041188,10066.800811
4030.906807,-1149.143247,592.164754,10362.883188
4030.907122,-459.657299,666.185348,10881.027347
4030.907438,0.000000,1480.411884,10658.965565
4030.907753,766.095498,1702.473667,10510.924376
4030.908068,1072.533697,2368.659014,11251.130318
4030.908383,1302.362347,1924.535449,10584.944971
4030.908698,1455.581446,1554.432478,9992.780217
4030.909013,1838.629195,1184.329507,9474.636058
4030.909328,1455.581446,814.226536,8882.471304
4030.909643,1072.533697,-148.041188,8660.409521
4030.909958,383.047749,-666.185348,8660.409521
4030.910273,-229.828649,-1258.350101,8660.409521
4030.910588,-689.485948,-1628.453072,8660.409521
4030.910903,-1149.143247,-1702.473667,8438.347739
4030.911218,-1378.971896,-1776.494261,8586.388927
4030.911533,-1762.019645,-1036.288319,9030.512492
4030.911849,-1532.190996,-444.123565,9400.615463
4030.912164,-1608.800546,-0.000000,9622.677246
4030.912479,-1149.143247,-0.000000,10214.842000
4030.912794,-536.266849,740.205942,10510.924376
4030.913109,306.438199,1258.350101,10362.883188
4030.913424,689.485948,1406.391290,10881.027347
4030.913739,766.095498,1406.391290,10807.006753
4030.914054,842.705048,1554.432478,10732.986159
4030.914369,1455.581446,1184.329507,10436.903782
4030.914684,1991.848295,962.267725,9844.739029
4030.914999,1302.362347,444.123565,9474.636058
4030.915314,536.266849,-370.102971,8808.450710
4030.915629,689.485948,-1036.288319,8882.471304
4030.915944,0.000000,-1406.391290,8734.430116
4030.916260,-383.047749,-1332.370696,8882.471304
4030.916575,-536.266849,-1554.432478,8290.306550
4030.916890,-766.095498,-1332.370696,8660.409521
4030.917205,-536.266849,-518.144159,9252.574275
4030.917520,-766.095498,-0.000000,9474.636058
4030.917835,-1532.190996,-0.000000,9696.697840
4030.918150,-536.266849,370.102971,9770.718434
4030.918465,-383.047749,814.226536,10066.800811
4030.918780,229.828649,962.267725,10510.924376
4030.919095,689.485948,1480.411884,10732.986159
4030.919410,766.095498,1554.432478,11029.068536
4030.919725,995.924147,1258.350101,10658.965565
4030.920040,1302.362347,1258.350101,9918.759623
4030.920355,1762.019645,962.267725,9474.636058
4030.920671,1532.190996,592.164754,9474.636058
4030.920986,1225.752797,-0.000000,9030.512492
4030.921301,842.705048,-592.164754,9104.533087
4030.921616,0.000000,-1184.329507,8216.285956
4030.921931,-536.266849,-1184.329507,8512.368333
4030.922246,-383.047749,-1406.391290,8586.388927
4030.922561,-766.095498,-1406.391290,8364.327145
4030.922876,-1072.533697,-814.226536,9326.594869
4030.923191,-995.924147,-740.205942,9548.656652
4030.923506,-766.095498,-0.000000,9844.739029
4030.923821,-1072.533697,296.082377,9992.780217
4030.924136,-536.266849,666.185348,10807.006753
4030.924451,0.000000,1258.350101,10732.986159
4030.924766,536.266849,1036.288319,10881.027347
4030.925082,1072.533697,1332.370696,10955.047942
4030.925397,1532.190996,1332.370696,10584.944971
4030.925712,1838.629195,1406.391290,10140.821405
4030.926027,1991.848295,1184.329507,9844.739029
4030.926342,1685.410096,518.144159,9252.574275
4030.926657,1685.410096,-222.061783,8808.450710
4030.926972,766.095498,-814.226536,8882.471304
4030.927287,153.219100,-1332.370696,8438.347739
4030.927602,0.000000,-1332.370696,8512.368333
4030.927917,-842.705048,-1628.453072,8438.347739
4030.928232,-1302.362347,-1110.308913,8956.491898
4030.928547,-1532.190996,-962.267725,9178.553681
4030.928862,-1225.752797,-592.164754,9326.594869
4030.929177,-1455.581446,-0.000000,9770.718434
4030.929493,-1378.971896,592.164754,10362.883188
4030.929808,-689.485948,814.226536,11103.089130
4030.930123,0.000000,1332.370696,10584.944971
4030.930438,-383.047749,1776.494261,10807.006753
4030.930753,612.876398,1554.432478,10658.965565
4030.931068,995.924147,1480.411884,10288.862594
4030.931383,1532.190996,1776.494261,9918.759623
4030.931698,1378.971896,1110.308913,9400.615463
4030.932013,1455.581446,74.020594,9178.553681
4030.932328,995.924147,-74.020594,8438.347739
4030.932643,459.657299,-518.144159,8364.327145
4030.932958,0.000000,-1258.350101,8364.327145
4030.933273,-536.266849,-1258.350101,8438.347739
4030.933588,-1302.362347,-1406.391290,8512.368333
4030.933904,-1225.752797,-1554.432478,8882.471304
4030.934219,-1149.143247,-740.205942,9326.594869
4030.934534,-1455.581446,-74.020594,9030.512492
4030.934849,-1608.800546,-0.000000,9548.656652
4030.935164,-383.047749,222.061783,9548.656652
4030.935479,-229.828649,1036.288319,10510.924376
4030.935794,0.000000,1332.370696,10658.965565
4030.936109,689.485948,1628.453072,10807.006753
4030.936424,842.705048,1628.453072,10807.006753
4030.936739,1455.581446,1406.391290,10288.862594
4030.937054,1608.800546,1332.370696,10066.800811
4030.937369,1762.019645,1258.350101,9474.636058
4030.937684,1455.581446,666.185348,9548.656652
4030.937999,842.705048,-148.041188,8808.450710
4030.938315,306.438199,-1036.288319,8882.471304
4030.938630,0.000000,-1110.308913,8660.409521
4030.938945,-612.876398,-1480.411884,8808.450710
4030.939260,-766.095498,-1480.411884,8660.409521
4030.939575,-1225.752797,-1036.288319,9030.512492
4030.939890,-1378.971896,-518.144159,9178.553681
4030.940205,-1608.800546,-296.082377,9548.656652
4030.940520,-1225.752797,592.164754,9844.739029
4030.940835,-919.314598,888.247130,10066.800811
4030.941150,-536.266849,888.247130,10807.006753
4030.941465,306.438199,1480.411884,10584.944971
4030.941780,689.485948,1776.494261,10955.047942
4030.942095,1072.533697,1702.473667,10584.944971
4030.942410,1455.581446,1554.432478,10658.965565
4030.942726,1838.629195,1258.350101,10140.821405
4030.943041,1532.190996,962.267725,9400.615463
4030.943356,1455.581446,370.102971,8808.450710
4030.943671,995.924147,-74.020594,8586.388927
4030.943986,689.485948,-518.144159,8290.306550
4030.944301,0.000000,-1628.453072,8290.306550
4030.944616,-306.438199,-1554.432478,8364.327145
4030.944931,-842.705048,-1702.473667,8364.327145
4030.945246,-766.095498,-1110.308913,8438.347739
4030.945561,-995.924147,-666.185348,9104.533087
4030.945876,-1302.362347,-222.061783,9400.615463
4030.946191,-1378.971896,296.082377,9622.677246
4030.946506,-1072.533697,666.185348,10288.862594
4030.946821,0.000000,1036.288319,10881.027347
4030.947137,536.266849,1332.370696,10658.965565
4030.947452,766.095498,1480.411884,10362.883188
4030.947767,1455.581446,1480.411884,11029.068536
4030.948082,1225.752797,1184.329507,10732.986159
4030.948397,1685.410096,814.226536,10584.944971
4030.948712,1762.019645,962.267725,9696.697840
4030.949027,1532.190996,-0.000000,9400.615463
4030.949342,1225.752797,-518.144159,9104.533087
4030.949657,536.266849,-888.247130,8882.471304
4030.949972,0.000000,-1480.411884,8882.471304
4030.950287,-459.657299,-1406.391290,8660.409521
4030.950602,-766.095498,-1554.432478,8512.368333
4030.950917,-995.924147,-1554.432478,8734.430116
4030.951232,-842.705048,-1184.329507,9326.594869
4030.951548,-1378.971896,-370.102971,9918.759623
4030.951863,-1378.971896,-0.000000,10066.800811
4030.952178,-842.705048,-0.000000,10584.944971
4030.952493,0.000000,888.247130,11177.109724
4030.952808,689.485948,1258.350101,10362.883188
4030.953123,383.047749,1036.288319,10584.944971
4030.953438,689.485948,1184.329507,10658.965565
4030.953753,1072.533697,1406.391290,10362.883188
4030.954068,1225.752797,1110.308913,9918.759623
4030.954383,1685.410096,740.205942,9770.718434
4030.954698,1378.971896,148.041188,9326.594869
4030.955013,842.705048,-666.185348,8586.388927
4030.955328,766.095498,-1332.370696,8438.347739
4030.955643,0.000000,-1332.370696,8512.368333
4030.955959,-689.485948,-1554.432478,8290.306550
4030.956274,-766.095498,-1628.453072,8290.306550
4030.956589,-995.924147,-1036.288319,8438.347739
4030.956904,-1072.533697,-518.144159,9030.512492
4030.957219,-1149.143247,-444.123565,9326.594869
4030.957534,-1225.752797,222.061783,9918.759623
4030.957849,-1149.143247,518.144159,10214.842000
4030.958164,-229.828649,814.226536,10510.924376
4030.958479,689.485948,1184.329507,10658.965565
4030.958794,689.485948,1480.411884,10732.986159
4030.959109,1149.143247,1702.473667,10807.006753
4030.959424,1302.362347,1480.411884,10362.883188
4030.959739,1685.410096,1110.308913,9992.780217
4030.960054,1455.581446,814.226536,9252.574275
4030.960370,1685.410096,222.061783,9104.533087
4030.960685,995.924147,-518.144159,9178.553681
4030.961000,383.047749,-888.247130,8660.409521
4030.961315,459.657299,-1110.308913,8290.306550
4030.961630,-689.485948,-1332.370696,8438.347739
4030.961945,-919.314598,-888.247130,8660.409521
4030.962260,-1378.971896,-1036.288319,9178.553681
4030.962575,-1608.800546,-888.247130,9252.574275
4030.962890,-1455.581446,-222.061783,9696.697840
4030.963205,-1378.971896,444.123565,9918.759623
4030.963520,-766.095498,888.247130,10510.924376
4030.963835,0.000000,1184.329507,11029.068536
4030.964150,306.438199,1702.473667,11103.089130
4030.964465,689.485948,2368.659014,10881.027347
4030.964781,919.314598,1850.514855,10436.903782
4030.965096,1378.971896,1628.453072,10510.924376
4030.965411,1455.581446,1702.473667,10066.800811
4030.965726,1378.971896,1110.308913,9400.615463
4030.966041,1302.362347,-0.000000,9252.574275
4030.966356,612.876398,-74.020594,8660.409521
4030.966671,229.828649,-740.205942,8734.430116
4030.966986,-153.219100,-888.247130,8512.368333
4030.967301,-919.314598,-1184.329507,8512.368333
4030.967616,-1072.533697,-962.267725,8364.327145
4030.967931,-1455.581446,-444.123565,8882.471304
4030.968246,-1378.971896,-148.041188,9178.553681
4030.968561,-1455.581446,-0.000000,9918.759623
4030.968876,-1532.190996,518.144159,10066.800811
4030.969192,-536.266849,962.267725,10362.883188
4030.969507,-229.828649,1332.370696,11177.109724
4030.969822,689.485948,1628.453072,11177.109724
4030.970137,766.095498,1850.514855,11029.068536
4030.970452,1072.533697,1628.453072,10658.965565
4030.970767,1532.190996,1554.432478,9992.780217
4030.971082,1378.971896,1406.391290,9770.718434
4030.971397,1378.971896,740.205942,9622.677246
4030.971712,995.924147,222.061783,9400.615463
4030.972027,612.876398,-222.061783,8512.368333
4030.972342,76.609550,-1258.350101,8290.306550
4030.972657,-383.047749,-1406.391290,8734.430116
4030.972972,-689.485948,-1480.411884,9030.512492
4030.973288,-1149.143247,-1628.453072,8586.388927
4030.973603,-1455.581446,-1332.370696,9030.512492
4030.973918,-1225.752797,-666.185348,9326.594869
4030.974233,-1225.752797,-222.061783,9844.739029
4030.974548,-919.314598,222.061783,9770.718434
4030.974863,-766.095498,370.102971,10732.986159
4030.975178,76.609550,962.267725,10658.965565
4030.975493,536.266849,1184.329507,10510.924376
4030.975808,842.705048,1554.432478,10732.986159
4030.976123,919.314598,1628.453072,10807.006753
4030.976438,1838.629195,962.267725,10436.903782
4030.976753,1455.581446,666.185348,9696.697840
4030.977068,1455.581446,370.102971,9474.636058
4030.977383,1302.362347,-222.061783,9326.594869
4030.977699,612.876398,-740.205942,8438.347739
4030.978014,153.219100,-1184.329507,8142.265362
4030.978329,0.000000,-1702.473667,8364.327145
4030.978644,-459.657299,-1480.411884,8364.327145
4030.978959,-459.657299,-1554.432478,8438.347739
4030.979274,-995.924147,-962.267725,8438.347739
4030.979589,-919.314598,-518.144159,9030.512492
4030.979904,-383.047749,-74.020594,9844.739029
4030.980219,-1149.143247,296.082377,10140.821405
4030.980534,-153.219100,592.164754,10214.842000
4030.980849,76.609550,814.226536,10881.027347
4030.981164,536.266849,1110.308913,10732.986159
4030.981479,689.485948,1110.308913,10881.027347
4030.981794,1072.533697,1110.308913,10807.006753
4030.982110,1149.143247,1184.329507,10807.006753
4030.982425,1378.971896,888.247130,9992.780217
4030.982740,1532.190996,814.226536,9104.533087
4030.983055,1225.752797,-0.000000,8734.430116
4030.983370,919.314598,-444.123565,8956.491898
4030.983685,306.438199,-1184.329507,8808.450710
4030.984000,-383.047749,-1184.329507,8290.306550
4030.984315,-383.047749,-1702.473667,8660.409521
4030.984630,-842.705048,-1628.453072,8734.430116
4030.984945,-842.705048,-1184.329507,9178.553681
4030.985260,-1225.752797,-592.164754,9400.615463
4030.985575,-1455.581446,-296.082377,9918.759623
4030.985890,-1225.752797,444.123565,10214.842000
4030.986205,-995.924147,1332.370696,10436.903782
4030.986521,76.609550,1184.329507,10732.986159
4030.986836,383.047749,1702.473667,10732.986159
4030.987151,919.314598,1554.432478,10955.047942
4030.987466,1149.143247,1332.370696,10214.842000
4030.987781,1685.410096,1554.432478,10214.842000
4030.988096,2145.067394,1258.350101,9770.718434
4030.988411,1608.800546,592.164754,9622.677246
4030.988726,1378.971896,-0.000000,8956.491898
4030.989041,766.095498,-148.041188,8808.450710
4030.989356,383.047749,-888.247130,8142.265362
4030.989671,0.000000,-1258.350101,8660.409521
4030.989986,-766.095498,-1184.329507,8216.285956
4030.990301,-1225.752797,-740.205942,8512.368333
4030.990616,-1072.533697,-1036.288319,8586.388927
4030.990932,-1149.143247,-518.144159,9548.656652
4030.991247,-1149.143247,444.123565,9696.697840
4030.991562,-1302.362347,518.144159,10214.842000
4030.991877,-689.485948,1110.308913,10584.944971
4030.992192,-306.438199,1184.329507,10881.027347
4030.992507,459.657299,1776.494261,10881.027347
4030.992822,383.047749,1480.411884,10881.027347
4030.993137,612.876398,1480.411884,10510.924376
4030.993452,1149.143247,1702.473667,10362.883188
4030.993767,1455.581446,1406.391290,9992.780217
4030.994082,1455.581446,1036.288319,9474.636058
4030.994397,766.095498,222.061783,9252.574275
4030.994712,306.438199,-444.123565,8734.430116
4030.995027,0.000000,-962.267725,8586.388927
4030.995343,-306.438199,-1110.308913,8512.368333
4030.995658,-766.095498,-1332.370696,8586.388927
4030.995973,-1149.143247,-1702.473667,8660.409521
4030.996288,-1378.971896,-888.247130,8956.491898
4030.996603,-919.314598,-222.061783,9104.533087
4030.996918,-1072.533697,444.123565,9548.656652
4030.997233,-842.705048,814.226536,9918.759623
4030.997548,-383.047749,1258.350101,10510.924376
4030.997863,0.000000,1554.432478,10807.006753
4030.998178,536.266849,1850.514855,10584.944971
4030.998493,995.924147,1702.473667,10732.986159
4030.998808,1225.752797,1480.411884,10732.986159
4030.999123,1225.752797,1184.329507,10436.903782
4030.999438,1762.019645,740.205942,9844.739029
4030.999754,1532.190996,222.061783,9326.594869
4031.000069,1608.800546,-0.000000,8956.491898
4031.000384,1072.533697,-296.082377,8734.430116
4031.000699,612.876398,-740.205942,8734.430116
4031.001014,0.000000,-1184.329507,8438.347739
4031.001329,0.000000,-1258.350101,8068.244768
4031.001644,-536.266849,-1332.370696,8364.327145
4031.001959,-766.095498,-592.164754,9104.533087
4031.002274,-1072.533697,-666.185348,9400.615463
4031.002589,-1225.752797,-222.061783,9696.697840
4031.002904,-1532.190996,370.102971,10288.862594
4031.003219,-612.876398,518.144159,10510.924376
4031.003534,306.438199,518.144159,10881.027347
4031.003849,689.485948,1258.350101,10881.027347
4031.004165,995.924147,1480.411884,10955.047942
4031.004480,1149.143247,1332.370696,10214.842000
4031.004795,1302.362347,1184.329507,10140.821405
4031.005110,1532.190996,814.226536,9696.697840
4031.005425,1532.190996,296.082377,9178.553681
4031.005740,1608.800546,-74.020594,9178.553681
4031.006055,689.485948,-1258.350101,8660.409521
4031.006370,76.609550,-1628.453072,8586.388927
4031.006685,-689.485948,-1702.473667,8586.388927
4031.007000,-995.924147,-1850.514855,8808.450710
4031.007315,-842.705048,-1628.453072,8660.409521
4031.007631,-766.095498,-962.267725,9400.615463
4031.007946,-995.924147,-814.226536,9400.615463
4031.008261,-1072.533697,-148.041188,9548.656652
4031.008576,-1072.533697,222.061783,9622.677246
4031.008891,306.438199,888.247130,10066.800811
4031.009206,0.000000,1036.288319,10362.883188
4031.009521,383.047749,1406.391290,10362.883188
4031.009836,689.485948,1184.329507,10658.965565
4031.010151,766.095498,888.247130,10584.944971
4031.010466,1378.971896,1036.288319,10066.800811
4031.010781,1532.190996,666.185348,9548.656652
4031.011097,1225.752797,-0.000000,9474.636058
4031.011412,919.314598,-222.061783,9030.512492
4031.011727,459.657299,-740.205942,8660.409521
4031.012042,0.000000,-1258.350101,7920.203579
4031.012357,-229.828649,-1258.350101,8290.306550
4031.012672,-536.266849,-1184.329507,8956.491898
4031.012987,-1072.533697,-1110.308913,8290.306550
4031.013302,-1149.143247,-518.144159,8956.491898
4031.013617,-1455.581446,-296.082377,9474.636058
4031.013932,-1225.752797,-74.020594,9918.759623
4031.014247,-1149.143247,370.102971,10288.862594
4031.014562,-842.705048,888.247130,10732.986159
4031.014878,0.000000,1332.370696,10955.047942
4031.015193,842.705048,1406.391290,10732.986159
4031.015508,842.705048,1554.432478,11029.068536
4031.015823,1225.752797,1406.391290,10510.924376
4031.016138,995.924147,1332.370696,10140.821405
4031.016453,1455.581446,1258.350101,9474.636058
4031.016768,1991.848295,518.144159,9474.636058
4031.017083,1225.752797,-74.020594,9030.512492
4031.017398,842.705048,-740.205942,8808.450710
4031.017713,0.000000,-1110.308913,8586.388927
4031.018028,-306.438199,-1258.350101,8512.368333
4031.018344,-536.266849,-1332.370696,8734.430116
4031.018659,-459.657299,-1258.350101,8734.430116
4031.018974,-1225.752797,-740.205942,9104.533087
4031.019289,-1072.533697,-0.000000,9474.636058
4031.019604,-919.314598,592.164754,9178.553681
4031.019919,-689.485948,1332.370696,9548.656652
4031.020234,-612.876398,1480.411884,10362.883188
4031.020549,-153.219100,1406.391290,10510.924376
4031.020864,306.438199,1998.556043,10510.924376
4031.021179,612.876398,1924.535449,10807.006753
4031.021494,612.876398,1924.535449,10881.027347
4031.021810,1302.362347,1258.350101,10584.944971
4031.022125,1455.581446,1258.350101,10288.862594
4031.022440,1455.581446,962.267725,9474.636058
4031.022755,1149.143247,222.061783,8586.388927
4031.023070,689.485948,-0.000000,8290.306550
4031.023385,306.438199,-740.205942,8734.430116
4031.023700,-229.828649,-740.205942,8216.285956
4031.024015,-459.657299,-962.267725,8290.306550
4031.024330,-842.705048,-888.247130,8216.285956
4031.024645,-1072.533697,-666.185348,9178.553681
4031.024960,-1378.971896,-222.061783,9474.636058
4031.025276,-1378.971896,296.082377,10066.800811
4031.025591,-1378.971896,592.164754,10362.883188
4031.025906,-689.485948,814.226536,11103.089130
4031.026221,-306.438199,1258.350101,11103.089130
4031.026536,306.438199,1480.411884,11029.068536
4031.026851,612.876398,1406.391290,11029.068536
4031.027166,995.924147,1480.411884,10436.903782
4031.027481,1455.581446,1554.432478,10288.862594
4031.027796,1838.629195,962.267725,9548.656652
4031.028111,1378.971896,518.144159,9326.594869
4031.028426,842.705048,-0.000000,9104.533087
4031.028742,306.438199,-666.185348,8734.430116
4031.029057,-153.219100,-1332.370696,8586.388927
4031.029372,-459.657299,-1628.453072,8808.450710
4031.029687,-536.266849,-1702.473667,8734.430116
4031.030002,-995.924147,-1406.391290,8660.409521
4031.030317,-995.924147,-1406.391290,9030.512492
4031.030632,-1378.971896,-666.185348,9770.718434
4031.030947,-1455.581446,-0.000000,9992.780217
4031.031262,-1072.533697,-0.000000,9696.697840
4031.031577,-383.047749,666.185348,10510.924376
4031.031892,153.219100,962.267725,10881.027347
4031.032208,689.485948,1332.370696,10807.006753
4031.032523,995.924147,1184.329507,10807.006753
4031.032838,1685.410096,1184.329507,10436.903782
4031.033153,1532.190996,962.267725,10584.944971
4031.033468,1991.848295,888.247130,9622.677246
4031.033783,1685.410096,-0.000000,9104.533087
4031.034098,1532.190996,-148.041188,9326.594869
4031.034413,919.314598,-888.247130,8660.409521
4031.034728,536.266849,-1554.432478,8512.368333
4031.035043,-383.047749,-1850.514855,8808.450710
4031.035358,-536.266849,-1480.411884,8586.388927
4031.035674,-995.924147,-1554.432478,8290.306550
4031.035989,-1149.143247,-1332.370696,9104.533087
4031.036304,-1455.581446,-740.205942,9918.759623
4031.036619,-1072.533697,-370.102971,9474.636058
4031.036934,-995.924147,-0.000000,10066.800811
4031.037249,-306.438199,370.102971,10288.862594
4031.037564,383.047749,814.226536,10807.006753
4031.037879,612.876398,518.144159,9918.759623
4031.038194,919.314598,1258.350101,10362.883188
4031.038509,1149.143247,1258.350101,10214.842000
4031.038824,1225.752797,962.267725,9992.780217
4031.039139,1532.190996,740.205942,9474.636058
4031.039455,1149.143247,370.102971,9474.636058
4031.039770,766.095498,-370.102971,8734.430116
4031.040085,306.438199,-1332.370696,8586.388927
4031.040400,0.000000,-1480.411884,8956.491898
4031.040715,-612.876398,-1628.453072,8734.430116
4031.041030,-842.705048,-1850.514855,7846.182985
4031.041345,-842.705048,-1184.329507,8660.409521
4031.041660,-766.095498,-666.185348,9326.594869
4031.041975,-919.314598,-0.000000,8808.450710
4031.042290,-1225.752797,222.061783,9474.636058
4031.042605,-1072.533697,592.164754,9770.718434
4031.042921,-306.438199,1332.370696,10658.965565
4031.043236,0.000000,1776.494261,10510.924376
4031.043551,536.266849,1628.453072,10807.006753
4031.043866,919.314598,1628.453072,11547.212695
4031.044181,919.314598,1480.411884,10955.047942
4031.044496,1302.362347,1702.473667,10436.903782
4031.044811,1378.971896,1184.329507,10214.842000
4031.045126,1225.752797,962.267725,9400.615463
4031.045441,1455.581446,-74.020594,9030.512492
4031.045756,689.485948,-148.041188,8586.388927
4031.046071,383.047749,-666.185348,8512.368333
4031.046387,-306.438199,-592.164754,8142.265362
4031.046702,-689.485948,-962.267725,8438.347739
4031.047017,-1532.190996,-962.267725,8882.471304
4031.047332,-1378.971896,-814.226536,9326.594869
4031.047647,-1685.410096,-148.041188,9622.677246
4031.047962,-1685.410096,370.102971,10288.862594
4031.048277,-1225.752797,666.185348,10732.986159
4031.048592,-306.438199,1110.308913,10955.047942
4031.048907,76.609550,1702.473667,10658.965565
4031.049222,842.705048,2072.576638,10658.965565
4031.049537,1225.752797,2072.576638,10658.965565
4031.049853,1302.362347,2072.576638,10214.842000
4031.050168,1608.800546,1554.432478,10066.800811
4031.050483,2221.676944,1036.288319,9474.636058
4031.050798,1532.190996,814.226536,9030.512492
4031.051113,842.705048,-814.226536,9104.533087
4031.051428,306.438199,-1110.308913,8956.491898
4031.051743,0.000000,-1554.432478,9030.512492
4031.052058,-842.705048,-1776.494261,8734.430116
4031.052373,-919.314598,-1702.473667,8734.430116
4031.052688,-1378.971896,-1110.308913,8586.388927
4031.053003,-1455.581446,-592.164754,9104.533087
4031.053319,-1225.752797,-74.020594,9548.656652
4031.053634,-1455.581446,370.102971,9548.656652
4031.053949,-995.924147,1110.308913,10140.821405
4031.054264,0.000000,1184.329507,10732.986159
4031.054579,689.485948,1554.432478,11029.068536
4031.054894,766.095498,1554.432478,10510.924376
4031.055209,1072.533697,1406.391290,10362.883188
4031.055524,1762.019645,1480.411884,11103.089130
4031.055839,1608.800546,1258.350101,10214.842000
4031.056154,1608.800546,592.164754,9696.697840
4031.056469,1378.971896,222.061783,9104.533087
4031.056785,1225.752797,-666.185348,8586.388927
4031.057100,536.266849,-740.205942,8216.285956
4031.057415,-229.828649,-1332.370696,8364.327145
4031.057730,-459.657299,-1184.329507,8364.327145
4031.058045,-842.705048,-1628.453072,8068.244768
4031.058360,-612.876398,-1332.370696,8290.306550
4031.058675,-995.924147,-814.226536,9326.594869
4031.058990,-1149.143247,-592.164754,9474.636058
4031.059305,-1378.971896,-0.000000,9696.697840
4031.059620,-1149.143247,74.020594,10362.883188
4031.059935,0.000000,666.185348,10807.006753
4031.060250,229.828649,740.205942,10658.965565
4031.060566,612.876398,1184.329507,10732.986159
4031.060881,689.485948,1184.329507,10807.006753
4031.061196,919.314598,1184.329507,10658.965565
4031.061511,1378.971896,888.247130,10140.821405
4031.061826,1838.629195,370.102971,9992.780217
4031.062141,1685.410096,-74.020594,9474.636058
4031.062456,1149.143247,-888.247130,8882.471304
4031.062771,919.314598,-1184.329507,8512.368333
4031.063086,0.000000,-1554.432478,9104.533087
4031.063401,-306.438199,-1480.411884,8586.388927
4031.063716,-306.438199,-1776.494261,8068.244768
4031.064032,-842.705048,-1258.350101,8290.306550
4031.064347,-995.924147,-962.267725,8808.450710
4031.064662,-995.924147,-74.020594,9474.636058
4031.064977,-1225.752797,-0.000000,9918.759623
4031.065292,-1302.362347,370.102971,10436.903782
4031.065607,-459.657299,888.247130,10658.965565
4031.065922,0.000000,1258.350101,10436.903782
4031.066237,919.314598,1184.329507,10955.047942
4031.066552,229.828649,962.267725,11325.150913
4031.066867,1225.752797,1036.288319,10881.027347
4031.067182,1302.362347,1332.370696,10066.800811
4031.067498,1455.581446,1036.288319,9918.759623
4031.067813,1302.362347,740.205942,9030.512492
4031.068128,919.314598,-0.000000,8734.430116
4031.068443,459.657299,-296.082377,8216.285956
4031.068758,153.219100,-1036.288319,8068.244768
4031.069073,-306.438199,-1332.370696,8290.306550
4031.069388,-766.095498,-1258.350101,8660.409521
4031.069703,-1225.752797,-1406.391290,8660.409521
4031.070018,-1072.533697,-740.205942,9178.553681
4031.070333,-1302.362347,-370.102971,9400.615463
4031.070648,-766.095498,-0.000000,10436.903782
4031.070964,-689.485948,444.123565,10066.800811
4031.071279,-306.438199,1036.288319,10214.842000
4031.071594,153.219100,1406.391290,10658.965565
4031.071909,612.876398,1776.494261,10584.944971
4031.072224,1762.019645,1628.453072,10732.986159
4031.072539,1225.752797,1332.370696,10066.800811
4031.072854,1532.190996,1480.411884,10066.800811
4031.073169,1762.019645,1110.308913,9252.574275
4031.073484,1378.971896,370.102971,8956.491898
4031.073799,459.657299,-148.041188,9400.615463
4031.074114,0.000000,-962.267725,8734.430116
4031.074430,-306.438199,-1480.411884,8512.368333
4031.074745,-766.095498,-1628.453072,8808.450710
4031.075060,-919.314598,-1258.350101,8734.430116
4031.075375,-1378.971896,-1110.308913,9104.533087
4031.075690,-1225.752797,-148.041188,9474.636058
4031.076005,-919.314598,-0.000000,9770.718434
4031.076320,-842.705048,740.205942,9622.677246
4031.076635,0.000000,1036.288319,10066.800811
4031.076950,0.000000,1406.391290,10955.047942
4031.077265,383.047749,1554.432478,11177.109724
4031.077580,766.095498,1628.453072,10881.027347
4031.077896,1149.143247,1554.432478,11103.089130
4031.078211,1302.362347,1406.391290,10658.965565
4031.078526,1608.800546,1554.432478,10362.883188
4031.078841,1378.971896,962.267725,9622.677246
4031.079156,1225.752797,814.226536,9252.574275
4031.079471,995.924147,-0.000000,8438.347739
4031.079786,995.924147,-592.164754,8216.285956
4031.080101,-229.828649,-1110.308913,8142.265362
4031.080416,-766.095498,-1110.308913,8364.327145
4031.080731,-1149.143247,-1110.308913,8290.306550
4031.081046,-1608.800546,-1184.329507,8660.409521
4031.081362,-1378.971896,-444.123565,9770.718434
4031.081677,-1302.362347,-0.000000,9548.656652
4031.081992,-1378.971896,592.164754,9474.636058
4031.082307,-1072.533697,814.226536,10510.924376
4031.082622,-229.828649,1628.453072,10658.965565
4031.082937,153.219100,1480.411884,10584.944971
4031.083252,689.485948,1776.494261,10510.924376
4031.083567,842.705048,1850.514855,10510.924376
4031.083882,1149.143247,1480.411884,9844.739029
4031.084197,1608.800546,1184.329507,9622.677246
4031.084512,1532.190996,222.061783,9622.677246
4031.084827,1149.143247,-0.000000,9326.594869
4031.085143,689.485948,-444.123565,8660.409521
4031.085458,0.000000,-1110.308913,8512.368333
4031.085773,0.000000,-1776.494261,8882.471304
4031.086088,-383.047749,-1628.453072,8956.491898
4031.086403,-766.095498,-1406.391290,8438.347739
4031.086718,-459.657299,-740.205942,8734.430116
4031.087033,-995.924147,-296.082377,8882.471304
4031.087348,-1072.533697,-0.000000,9104.533087
4031.087663,-612.876398,592.164754,9770.718434
4031.087978,-229.828649,1036.288319,10288.862594
4031.088293,153.219100,962.267725,10881.027347
4031.088609,612.876398,1036.288319,10584.944971
4031.088924,995.924147,1036.288319,11103.089130
4031.089239,995.924147,1406.391290,10955.047942
4031.089554,1225.752797,1258.350101,11177.109724
4031.089869,1685.410096,888.247130,10140.821405
4031.090184,2145.067394,370.102971,9696.697840
4031.090499,1838.629195,222.061783,9326.594869
4031.090814,1149.143247,-444.123565,8660.409521
4031.091129,536.266849,-888.247130,8216.285956
4031.091444,0.000000,-1332.370696,8290.306550
4031.091759,-306.438199,-1628.453072,8586.388927
4031.092075,-536.266849,-1924.535449,8586.388927
4031.092390,-1072.533697,-1480.411884,8956.491898
4031.092705,-1149.143247,-888.247130,9104.533087
4031.093020,-1455.581446,-592.164754,9770.718434
4031.093335,-1149.143247,-370.102971,9770.718434
4031.093650,-536.266849,74.020594,10066.800811
4031.093965,0.000000,592.164754,10807.006753
4031.094280,459.657299,1036.288319,10436.903782
4031.094595,383.047749,1110.308913,10214.842000
4031.094910,919.314598,1406.391290,9992.780217
4031.095225,1302.362347,1406.391290,10658.965565
4031.095541,1685.410096,518.144159,10066.800811
4031.095856,1302.362347,296.082377,9474.636058
4031.096171,1149.143247,-0.000000,9400.615463
4031.096486,842.705048,-888.247130,8808.450710
4031.096801,612.876398,-1406.391290,8660.409521
4031.097116,0.000000,-1480.411884,8734.430116
4031.097431,-995.924147,-1554.432478,8512.368333
4031.097746,-383.047749,-1702.473667,7846.182985
4031.098061,-995.924147,-1184.329507,8216.285956
4031.098376,-1149.143247,-444.123565,9326.594869
4031.098691,-919.314598,-0.000000,9548.656652
4031.099007,-1378.971896,-0.000000,9918.759623
4031.099322,-689.485948,666.185348,9992.780217
4031.099637,-153.219100,888.247130,10732.986159
4031.099952,76.609550,1406.391290,10214.842000
4031.100267,536.266849,1776.494261,10807.006753
4031.100582,995.924147,1480.411884,11103.089130
4031.100897,1378.971896,1184.329507,10584.944971
4031.101212,1608.800546,1258.350101,9622.677246
4031.101527,1378.971896,814.226536,9400.615463
4031.101842,919.314598,444.123565,8882.471304
4031.102157,919.314598,-0.000000,8808.450710
4031.102473,0.000000,-518.144159,8438.347739
4031.102788,-306.438199,-1184.329507,8586.388927
4031.103103,-766.095498,-1110.308913,8438.347739
4031.103418,-1072.533697,-1332.370696,8290.306550
4031.103733,-1532.190996,-962.267725,9104.533087
4031.104048,-1149.143247,-444.123565,9844.739029
4031.104363,-1225.752797,-0.000000,9918.759623
4031.104678,-919.314598,222.061783,10214.842000
4031.104993,-459.657299,1036.288319,10584.944971
4031.105308,536.266849,1258.350101,10066.800811
4031.105623,919.314598,1850.514855,10436.903782
4031.105939,1225.752797,2220.617826,10584.944971
4031.106254,1378.971896,1850.514855,10584.944971
4031.106569,1302.362347,1628.453072,10066.800811
4031.106884,1685.410096,1110.308913,9770.718434
4031.107199,1532.190996,888.247130,9622.677246
4031.107514,1378.971896,-0.000000,9400.615463
4031.107829,766.095498,-666.185348,9104.533087
4031.108144,0.000000,-1332.370696,8808.450710
4031.108459,-689.485948,-1110.308913,8586.388927
4031.108774,-689.485948,-1184.329507,8512.368333
4031.109089,-919.314598,-962.267725,8734.430116
4031.109405,-1302.362347,-518.144159,9178.553681
4031.109720,-1225.752797,-0.000000,9252.574275
4031.110035,-1455.581446,444.123565,9326.594869
4031.110350,-995.924147,1110.308913,10584.944971
4031.110665,-612.876398,1332.370696,10881.027347
4031.110980,153.219100,1554.432478,10510.924376
4031.111295,766.095498,1480.411884,11251.130318
4031.111610,995.924147,1776.494261,11473.192101
4031.111925,1302.362347,1850.514855,10584.944971
4031.112240,1455.581446,1702.473667,10214.842000
4031.112555,1608.800546,1110.308913,9622.677246
4031.112870,1455.581446,740.205942,9326.594869
4031.113186,1225.752797,-222.061783,8512.368333
4031.113501,536.266849,-1036.288319,8512.368333
4031.113816,0.000000,-1258.350101,8290.306550
4031.114131,-383.047749,-1258.350101,8142.265362
4031.114446,-766.095498,-1406.391290,8364.327145
4031.114761,-1838.629195,-1776.494261,8660.409521
4031.115076,-1072.533697,-888.247130,9252.574275
4031.115391,-766.095498,-666.185348,9400.615463
4031.115706,-766.095498,-74.020594,9622.677246
4031.116021,-459.657299,518.144159,9992.780217
4031.116336,-306.438199,888.247130,10584.944971
4031.116652,383.047749,1258.350101,10510.924376
4031.116967,1149.143247,1332.370696,10436.903782
4031.117282,842.705048,1554.432478,10510.924376
4031.117597,919.314598,1184.329507,10288.862594
4031.117912,1378.971896,1110.308913,10066.800811
4031.118227,1608.800546,370.102971,10066.800811
4031.118542,1225.752797,-74.020594,9474.636058
4031.118857,995.924147,-740.205942,9178.553681
4031.119172,612.876398,-1406.391290,8734.430116
4031.119487,0.000000,-1480.411884,8882.471304
4031.119802,-459.657299,-1628.453072,8956.491898
4031.120118,-459.657299,-1480.411884,8882.471304
4031.120433,-919.314598,-1258.350101,8956.491898
4031.120748,-766.095498,-666.185348,8734.430116
4031.121063,-1072.533697,-148.041188,9252.574275
4031.121378,-1378.971896,-0.000000,9696.697840
4031.121693,-1225.752797,592.164754,9844.739029
4031.122008,-536.266849,666.185348,11029.068536
4031.122323,76.609550,740.205942,11103.089130
4031.122638,0.000000,1258.350101,11177.109724
4031.122953,229.828649,1110.308913,11547.212695
4031.123268,842.705048,962.267725,10881.027347
4031.123584,995.924147,1258.350101,10066.800811
4031.123899,1455.581446,370.102971,9548.656652
4031.124214,1455.581446,-0.000000,9104.533087
4031.124529,1302.362347,-148.041188,8734.430116
4031.124844,612.876398,-222.061783,7994.224174
4031.125159,229.828649,-814.226536,8068.244768
4031.125474,-306.438199,-1554.432478,7994.224174
4031.125789,-383.047749,-1554.432478,8586.388927
4031.126104,-766.095498,-1628.453072,8734.430116
4031.126419,-842.705048,-1036.288319,9030.512492
4031.126734,-995.924147,-370.102971,9252.574275
4031.127050,-995.924147,-0.000000,9844.739029
4031.127365,-919.314598,370.102971,10362.883188
4031.127680,-383.047749,962.267725,10510.924376
4031.127995,0.000000,1258.350101,10510.924376
4031.128310,306.438199,1332.370696,10807.006753
4031.128625,842.705048,1480.411884,10362.883188
4031.128940,1302.362347,1554.432478,10658.965565
4031.129255,1455.581446,1702.473667,10140.821405
4031.129570,1838.629195,740.205942,9918.759623
4031.129885,1838.629195,370.102971,9548.656652
4031.130200,1532.190996,-222.061783,9178.553681
4031.130516,689.485948,-814.226536,8882.471304
4031.130831,76.609550,-962.267725,8586.388927
4031.131146,-306.438199,-1110.308913,8586.388927
4031.131461,-612.876398,-1258.350101,8364.327145
4031.131776,-842.705048,-814.226536,8586.388927
4031.132091,-1225.752797,-592.164754,8956.491898
4031.132406,-995.924147,-0.000000,9400.615463
4031.132721,-1378.971896,444.123565,9844.739029
4031.133036,-766.095498,518.144159,10288.862594
4031.133351,-536.266849,1184.329507,11103.089130
4031.133666,-153.219100,1480.411884,10658.965565
4031.133982,76.609550,1628.453072,10807.006753
4031.134297,612.876398,2072.576638,11177.109724
4031.134612,919.314598,1924.535449,10807.006753
4031.134927,1149.143247,1850.514855,10066.800811
4031.135242,1455.581446,1036.288319,9548.656652
4031.135557,1302.362347,740.205942,8734.430116
4031.135872,842.705048,-222.061783,8734.430116
4031.136187,229.828649,-444.123565,8364.327145
4031.136502,0.000000,-1036.288319,8512.368333
4031.136817,-536.266849,-962.267725,8438.347739
4031.137132,-689.485948,-1406.391290,8660.409521
4031.137448,-1149.143247,-1332.370696,8512.368333
4031.137763,-1225.752797,-518.144159,9400.615463
4031.138078,-1532.190996,-518.144159,9548.656652
4031.138393,-1225.752797,-0.000000,10140.821405
4031.138708,-1072.533697,962.267725,10436.903782
4031.139023,-689.485948,1258.350101,10214.842000
4031.139338,0.000000,1776.494261,10955.047942
4031.139653,612.876398,1628.453072,11029.068536
4031.139968,919.314598,1850.514855,10732.986159
4031.140283,1149.143247,1332.370696,10362.883188
4031.140598,1378.971896,1406.391290,10584.944971
4031.140914,1608.800546,740.205942,9844.739029
4031.141229,1149.143247,-0.000000,9474.636058
4031.141544,689.485948,-296.082377,9400.615463
4031.141859,612.876398,-962.267725,8956.491898
4031.142174,0.000000,-1110.308913,8586.388927
4031.142489,-383.047749,-1628.453072,8660.409521
4031.142804,-612.876398,-1258.350101,8586.388927
4031.143119,-612.876398,-1036.288319,8660.409521
4031.143434,-1072.533697,-592.164754,9030.512492
4031.143749,-1072.533697,-666.185348,9696.697840
4031.144064,-1225.752797,222.061783,10066.800811
4031.144380,-689.485948,296.082377,9918.759623
4031.144695,-459.657299,518.144159,10436.903782
4031.145010,306.438199,962.267725,10807.006753
4031.145325,1225.752797,888.247130,10807.006753
4031.145640,919.314598,1036.288319,10732.986159
4031.145955,1149.143247,962.267725,10510.924376
4031.146270,1378.971896,1258.350101,9992.780217
4031.146585,1532.190996,444.123565,9548.656652
4031.146900,1455.581446,-0.000000,8882.471304
4031.147215,1149.143247,-592.164754,8660.409521
4031.147530,842.705048,-888.247130,8290.306550
4031.147846,153.219100,-1628.453072,7920.203579
4031.148161,-383.047749,-1554.432478,8438.347739
4031.148476,-383.047749,-1480.411884,8438.347739
4031.148791,-612.876398,-1480.411884,8512.368333
4031.149106,-919.314598,-814.226536,9252.574275
4031.149421,-1072.533697,-592.164754,9400.615463
4031.149736,-919.314598,-296.082377,9104.533087
4031.150051,-766.095498,370.102971,9770.718434
4031.150366,-76.609550,888.247130,10732.986159
4031.150681,229.828649,1480.411884,10807.006753
4031.150996,689.485948,1184.329507,10140.821405
4031.151312,995.924147,1184.329507,11103.089130
4031.151627,1302.362347,1554.432478,10510.924376
4031.151942,1532.190996,1036.288319,10140.821405
4031.152257,1915.238745,740.205942,10140.821405
4031.152572,1378.971896,296.082377,9474.636058
4031.152887,1072.533697,-370.102971,9104.533087
4031.153202,842.705048,-592.164754,8512.368333
4031.153517,229.828649,-962.267725,8586.388927
4031.153832,0.000000,-962.267725,8808.450710
4031.154147,-383.047749,-962.267725,8216.285956
4031.154462,-842.705048,-962.267725,8438.347739
4031.154778,-1225.752797,-296.082377,9178.553681
4031.155093,-1532.190996,-0.000000,9622.677246
4031.155408,-1378.971896,148.041188,9992.780217
4031.155723,-1072.533697,518.144159,10955.047942
4031.156038,-919.314598,740.205942,11251.130318
4031.156353,-459.657299,1110.308913,10510.924376
4031.156668,153.219100,1480.411884,11177.109724
4031.156983,612.876398,1480.411884,11177.109724
4031.157298,459.657299,1406.391290,10584.944971
4031.157613,1991.848295,2072.576638,9844.739029
4031.157928,1455.581446,1110.308913,9178.553681
4031.158243,1532.190996,962.267725,8808.450710
4031.158559,1149.143247,-0.000000,8586.388927
4031.158874,995.924147,-592.164754,8068.244768
4031.159189,0.000000,-1110.308913,8290.306550
4031.159504,-689.485948,-1332.370696,8808.450710
4031.159819,-1149.143247,-1850.514855,8660.409521
4031.160134,-1378.971896,-2072.576638,8808.450710
4031.160449,-1915.238745,-888.247130,9326.594869
4031.160764,-1608.800546,-296.082377,9474.636058
4031.161079,-1455.581446,370.102971,9770.718434
4031.161394,-995.924147,814.226536,10214.842000
4031.161709,-459.657299,1332.370696,10510.924376
4031.162025,536.266849,1850.514855,10288.862594
4031.162340,919.314598,2220.617826,10658.965565
4031.162655,1072.533697,2294.638420,10584.944971
4031.162970,1378.971896,1924.535449,10658.965565
4031.163285,1762.019645,1406.391290,10214.842000
4031.163600,2145.067394,1258.350101,10066.800811
4031.163915,1149.143247,444.123565,9474.636058
4031.164230,842.705048,-0.000000,9474.636058
4031.164545,612.876398,-666.185348,9178.553681
4031.164860,-383.047749,-1258.350101,8364.327145
4031.165175,-536.266849,-1702.473667,8364.327145
4031.165491,-995.924147,-1184.329507,8660.409521
4031.165806,-1225.752797,-1036.288319,8512.368333
4031.166121,-1149.143247,-592.164754,9030.512492
4031.166436,-1072.533697,222.061783,9622.677246
4031.166751,-1378.971896,370.102971,9622.677246
4031.167066,-1225.752797,814.226536,10140.821405
4031.167381,-229.828649,1406.391290,10732.986159
4031.167696,536.266849,1628.453072,10881.027347
4031.168011,536.266849,1110.308913,10658.965565
4031.168326,919.314598,1702.473667,10732.986159
4031.168641,1455.581446,1702.473667,10436.903782
4031.168957,1838.629195,1258.350101,9844.739029
4031.169272,1762.019645,740.205942,9474.636058
4031.169587,1455.581446,-0.000000,9252.574275
4031.169902,689.485948,-814.226536,9104.533087
4031.170217,229.828649,-1554.432478,8882.471304
4031.170532,0.000000,-1850.514855,8364.327145
4031.170847,-612.876398,-1924.535449,8882.471304
4031.171162,-1072.533697,-1850.514855,8586.388927
4031.171477,-612.876398,-1480.411884,8882.471304
4031.171792,-536.266849,-814.226536,9252.574275
4031.172107,-536.266849,-222.061783,9474.636058
4031.172423,-689.485948,-0.000000,9474.636058
4031.172738,0.000000,592.164754,9622.677246
4031.173053,536.266849,1332.370696,10214.842000
4031.173368,919.314598,1554.432478,10140.821405
4031.173683,995.924147,1480.411884,10140.821405
4031.173998,995.924147,1332.370696,11029.068536
4031.174313,1149.143247,1036.288319,10288.862594
4031.174628,1072.533697,740.205942,10362.883188
4031.174943,1225.752797,444.123565,9918.759623
4031.175258,995.924147,-0.000000,9696.697840
4031.175573,842.705048,-444.123565,9104.533087
4031.175889,153.219100,-1110.308913,8068.244768
4031.176204,0.000000,-1184.329507,8586.388927
4031.176519,-383.047749,-1406.391290,8364.327145
4031.176834,-612.876398,-1184.329507,8290.306550
4031.177149,-612.876398,-814.226536,8586.388927
4031.177464,-1378.971896,-592.164754,8586.388927
4031.177779,-1149.143247,-222.061783,9178.553681
4031.178094,-1225.752797,296.082377,9622.677246
4031.178409,-1225.752797,518.144159,10214.842000
4031.178724,-536.266849,518.144159,10584.944971
4031.179039,0.000000,1258.350101,10732.986159
4031.179355,0.000000,1480.411884,11029.068536
4031.179670,459.657299,1776.494261,10732.986159
4031.179985,1149.143247,1850.514855,10510.924376
4031.180300,1149.143247,1480.411884,9770.718434
4031.180615,1608.800546,962.267725,9622.677246
4031.180930,1302.362347,592.164754,9178.553681
4031.181245,689.485948,-148.041188,8956.491898
4031.181560,383.047749,-592.164754,8734.430116
4031.181875,-229.828649,-1110.308913,8734.430116
4031.182190,-306.438199,-1406.391290,8882.471304
4031.182505,-612.876398,-1258.350101,8956.491898
4031.182821,-689.485948,-1036.288319,9178.553681
4031.183136,-1072.533697,-222.061783,9178.553681
4031.183451,-1455.581446,370.102971,9400.615463
4031.183766,-1149.143247,962.267725,10140.821405
4031.184081,-689.485948,1036.288319,10436.903782
4031.184396,-229.828649,1332.370696,10881.027347
4031.184711,383.047749,1480.411884,11251.130318
4031.185026,306.438199,1554.432478,11103.089130
4031.185341,842.705048,1776.494261,11251.130318
4031.185656,1455.581446,1628.453072,10807.006753
4031.185971,1455.581446,1258.350101,10881.027347
4031.186287,1762.019645,962.267725,9844.739029
4031.186602,1685.410096,296.082377,9326.594869
4031.186917,1302.362347,-222.061783,8956.491898
4031.187232,459.657299,-740.205942,8512.368333
4031.187547,306.438199,-1036.288319,8216.285956
4031.187862,-383.047749,-1406.391290,8512.368333
4031.188177,-919.314598,-1776.494261,8364.327145
4031.188492,-1302.362347,-1776.494261,8660.409521
4031.188807,-1072.533697,-1184.329507,9326.594869
4031.189122,-1378.971896,-1036.288319,9474.636058
4031.189437,-1685.410096,-296.082377,9844.739029
4031.189753,-995.924147,444.123565,10140.821405
4031.190068,-229.828649,888.247130,9918.759623
4031.190383,766.095498,1406.391290,10807.006753
4031.190698,612.876398,1628.453072,10510.924376
4031.191013,1072.533697,1628.453072,10066.800811
4031.191328,1685.410096,1628.453072,10288.862594
4031.191643,1378.971896,1258.350101,9474.636058
4031.191958,1302.362347,148.041188,9474.636058
4031.192273,1225.752797,-74.020594,9252.574275
4031.192588,383.047749,-814.226536,8586.388927
4031.192903,153.219100,-1332.370696,8586.388927
4031.193219,-459.657299,-1554.432478,8512.368333
4031.193534,-842.705048,-1406.391290,8438.347739
4031.193849,-1302.362347,-1628.453072,8142.265362
4031.194164,-1378.971896,-1036.288319,8438.347739
4031.194479,-1225.752797,-592.164754,9252.574275
4031.194794,-1225.752797,-74.020594,9548.656652
4031.195109,-1149.143247,444.123565,9770.718434
4031.195424,-1302.362347,888.247130,10510.924376
4031.195739,0.000000,1258.350101,10658.965565
4031.196054,459.657299,1406.391290,10881.027347
4031.196369,1072.533697,1702.473667,11103.089130
4031.196685,1225.752797,1628.453072,11029.068536
4031.197000,1455.581446,1184.329507,10584.944971
4031.197315,1762.019645,1184.329507,10066.800811
4031.197630,1685.410096,740.205942,9992.780217
4031.197945,1225.752797,-0.000000,9400.615463
4031.198260,612.876398,-888.247130,8956.491898
4031.198575,-229.828649,-1110.308913,8808.450710
4031.198890,0.000000,-1332.370696,8364.327145
4031.199205,-766.095498,-1628.453072,8660.409521
4031.199520,-919.314598,-1628.453072,8882.471304
4031.199835,-1532.190996,-1554.432478,9474.636058
4031.200150,-1302.362347,-592.164754,9474.636058
4031.200466,-919.314598,-0.000000,9474.636058
4031.200781,-842.705048,592.164754,9622.677246
4031.201096,-306.438199,888.247130,10362.883188
4031.201411,-306.438199,1258.350101,10807.006753
4031.201726,459.657299,1924.535449,10584.944971
4031.202041,919.314598,1776.494261,10955.047942
4031.202356,1149.143247,1850.514855,10362.883188
4031.202671,1149.143247,1332.370696,10658.965565
4031.202986,1532.190996,666.185348,10140.821405
4031.203302,1302.362347,370.102971,9474.636058
4031.203617,1149.143247,-0.000000,9104.533087
4031.203932,766.095498,-666.185348,8882.471304
4031.204247,689.485948,-740.205942,8512.368333
4031.204562,153.219100,-962.267725,8068.244768
4031.204877,-306.438199,-740.205942,7846.182985
4031.205193,-306.438199,-962.267725,8438.347739
4031.205508,-536.266849,-666.185348,8882.471304
4031.205823,-689.485948,-74.020594,8882.471304
4031.206138,-306.438199,-222.061783,9252.574275
4031.206453,-919.314598,444.123565,9918.759623
4031.206768,-536.266849,962.267725,10288.862594
4031.207084,0.000000,1332.370696,10881.027347
4031.207399,459.657299,1554.432478,11251.130318
4031.207714,766.095498,1406.391290,11103.089130
4031.208029,1455.581446,1406.391290,10732.986159
4031.208344,1608.800546,1332.370696,10584.944971
4031.208659,1685.410096,888.247130,10066.800811
4031.208975,1762.019645,592.164754,9548.656652
4031.209290,1455.581446,-296.082377,9326.594869
4031.209605,842.705048,-740.205942,8364.327145
4031.209920,383.047749,-1036.288319,8290.306550
4031.210235,0.000000,-1110.308913,8216.285956
4031.210550,-612.876398,-1406.391290,8882.471304
4031.210866,-689.485948,-1628.453072,8438.347739
4031.211181,-1302.362347,-1406.391290,9030.512492
4031.211496,-1302.362347,-592.164754,9178.553681
4031.211811,-1608.800546,-296.082377,9696.697840
4031.212126,-1608.800546,370.102971,9992.780217
4031.212442,-995.924147,740.205942,10881.027347
4031.212757,-306.438199,962.267725,11029.068536
4031.213072,76.609550,1184.329507,10288.862594
4031.213387,306.438199,1480.411884,10881.027347
4031.213702,689.485948,1480.411884,11177.109724
4031.214017,1455.581446,1998.556043,10807.006753
4031.214333,1685.410096,1036.288319,9918.759623
4031.214648,1608.800546,296.082377,9844.739029
4031.214963,1302.362347,-0.000000,9326.594869
4031.215278,919.314598,-370.102971,8586.388927
4031.215593,306.438199,-888.247130,7994.224174
4031.215908,0.000000,-1110.308913,8290.306550
4031.216224,-229.828649,-1184.329507,8660.409521
4031.216539,-536.266849,-1406.391290,8364.327145
4031.216854,-766.095498,-962.267725,8364.327145
4031.217169,-1225.752797,-1036.288319,9104.533087
4031.217484,-995.924147,-0.000000,9474.636058
4031.217799,-1072.533697,444.123565,9770.718434
4031.218115,-919.314598,518.144159,10510.924376
4031.218430,-306.438199,814.226536,10881.027347
4031.218745,229.828649,1110.308913,10658.965565
4031.219060,689.485948,1258.350101,11103.089130
4031.219375,842.705048,1406.391290,10955.047942
4031.219690,1225.752797,1184.329507,10584.944971
4031.220006,1532.190996,1110.308913,9844.739029
4031.220321,1762.019645,962.267725,9474.636058
4031.220636,1685.410096,370.102971,8956.491898
4031.220951,995.924147,-222.061783,8660.409521
4031.221266,459.657299,-888.247130,8660.409521
4031.221581,-76.609550,-1184.329507,7994.224174
4031.221897,-766.095498,-1110.308913,8364.327145
4031.222212,-919.314598,-1702.473667,8512.368333
4031.222527,-1378.971896,-1702.473667,8808.450710
4031.222842,-1532.190996,-888.247130,9474.636058
4031.223157,-1991.848295,-222.061783,9844.739029
4031.223473,-1455.581446,296.082377,10362.883188
4031.223788,-995.924147,740.205942,10288.862594
4031.224103,-612.876398,1036.288319,10584.944971
4031.224418,536.266849,1702.473667,10807.006753
4031.224733,612.876398,1850.514855,10881.027347
4031.225048,1149.143247,1924.535449,10658.965565
4031.225364,1455.581446,1776.494261,10436.903782
4031.225679,2068.457845,1850.514855,9992.780217
4031.225994,1991.848295,1480.411884,9548.656652
4031.226309,1378.971896,222.061783,9030.512492
4031.226624,1149.143247,-296.082377,8808.450710
4031.226939,306.438199,-1036.288319,8660.409521
4031.227255,0.000000,-1184.329507,8290.306550
4031.227570,-612.876398,-1110.308913,8808.450710
4031.227885,-766.095498,-1406.391290,8216.285956
4031.228200,-1225.752797,-888.247130,8956.491898
4031.228515,-1225.752797,-370.102971,9030.512492
4031.228830,-1302.362347,-0.000000,9696.697840
4031.229146,-1072.533697,222.061783,10140.821405
4031.229461,-842.705048,814.226536,10436.903782
4031.229776,-153.219100,1406.391290,11251.130318
4031.230091,229.828649,1776.494261,11103.089130
4031.230406,919.314598,1998.556043,11547.212695
4031.230721,1455.581446,1702.473667,10881.027347
4031.231037,1838.629195,1184.329507,10140.821405
4031.231352,1915.238745,962.267725,9918.759623
4031.231667,1838.629195,592.164754,9326.594869
4031.231982,1225.752797,-0.000000,9326.594869
4031.232297,766.095498,-740.205942,8586.388927
4031.232612,0.000000,-1110.308913,8216.285956
4031.232928,-383.047749,-1554.432478,8808.450710
4031.233243,-766.095498,-1850.514855,8586.388927
4031.233558,-995.924147,-1924.535449,8660.409521
4031.233873,-842.705048,-1406.391290,9104.533087
4031.234188,-1149.143247,-1110.308913,9622.677246
4031.234504,-1225.752797,-370.102971,9548.656652
4031.234819,-1149.143247,-0.000000,9622.677246
4031.235134,0.000000,814.226536,10362.883188
4031.235449,0.000000,814.226536,10140.821405
4031.235764,536.266849,1702.473667,10362.883188
4031.236079,766.095498,1628.453072,10510.924376
4031.236395,1378.971896,1776.494261,10584.944971
4031.236710,1302.362347,1480.411884,10066.800811
4031.237025,1685.410096,962.267725,9474.636058
4031.237340,1532.190996,592.164754,9474.636058
4031.237655,1149.143247,-370.102971,9252.574275
4031.237970,766.095498,-1110.308913,8808.450710
4031.238286,0.000000,-1110.308913,8808.450710
4031.238601,-536.266849,-1628.453072,8142.265362
4031.238916,-689.485948,-1332.370696,8364.327145
4031.239231,-995.924147,-1406.391290,8142.265362
4031.239546,-612.876398,-1184.329507,8808.450710
4031.239861,-1225.752797,-666.185348,9030.512492
4031.240177,-1532.190996,-0.000000,9474.636058
4031.240492,-1302.362347,444.123565,9844.739029
4031.240807,-766.095498,1258.350101,10584.944971
4031.241122,0.000000,1184.329507,11103.089130
4031.241437,383.047749,1184.329507,10881.027347
4031.241752,612.876398,1258.350101,11103.089130
4031.242068,995.924147,1258.350101,10658.965565
4031.242383,1378.971896,1110.308913,10510.924376
4031.242698,995.924147,888.247130,10436.903782
4031.243013,1302.362347,518.144159,9770.718434
4031.243328,919.314598,-74.020594,8660.409521
4031.243643,612.876398,-740.205942,8808.450710
4031.243959,0.000000,-1332.370696,8216.285956
4031.244274,-229.828649,-1628.453072,8586.388927
4031.244589,-766.095498,-1628.453072,8586.388927
4031.244904,-842.705048,-1850.514855,9178.553681
4031.245219,-1149.143247,-1184.329507,8808.450710
4031.245535,-1455.581446,-814.226536,9474.636058
4031.245850,-689.485948,148.041188,9992.780217
4031.246165,-1378.971896,592.164754,9844.739029
4031.246480,-229.828649,1036.288319,10436.903782
4031.246795,229.828649,1258.350101,10732.986159
4031.247110,842.705048,1850.514855,10510.924376
4031.247426,842.705048,2220.617826,10658.965565
4031.247741,766.095498,2072.576638,10436.903782
4031.248056,1072.533697,1850.514855,10362.883188
4031.248371,1532.190996,1332.370696,10066.800811
4031.248686,919.314598,444.123565,9770.718434
4031.249001,995.924147,-296.082377,9104.533087
4031.249317,0.000000,-814.226536,9104.533087
4031.249632,-153.219100,-1110.308913,8808.450710
4031.249947,-536.266849,-740.205942,8512.368333
4031.250262,-383.047749,-962.267725,8290.306550
4031.250577,-1149.143247,-666.185348,8290.306550
4031.250892,-1225.752797,-148.041188,8586.388927
4031.251208,-1149.143247,-0.000000,9178.553681
4031.251523,-1455.581446,740.205942,9548.656652
4031.251838,-1378.971896,1110.308913,10362.883188
4031.252153,-842.705048,1332.370696,11177.109724
4031.252468,0.000000,1480.411884,10955.047942
4031.252783,383.047749,1702.473667,10732.986159
4031.253099,842.705048,1924.535449,10955.047942
4031.253414,1532.190996,1628.453072,11399.171507
4031.253729,1302.362347,1480.411884,10436.903782
4031.254044,1608.800546,1332.370696,9474.636058
4031.254359,1532.190996,888.247130,9104.533087
4031.254674,1225.752797,-0.000000,8438.347739
4031.254990,612.876398,-888.247130,8512.368333
4031.255305,459.657299,-740.205942,8290.306550
4031.255620,0.000000,-1036.288319,8438.347739
4031.255935,-306.438199,-1406.391290,8734.430116
4031.256250,-995.924147,-1332.370696,8808.450710
4031.256565,-383.047749,-962.267725,9252.574275
4031.256881,-1149.143247,-444.123565,9548.656652
4031.257196,-919.314598,-0.000000,9696.697840
4031.257511,-842.705048,666.185348,10436.903782
4031.257826,-229.828649,1110.308913,10658.965565
4031.258141,383.047749,1406.391290,10955.047942
4031.258457,689.485948,1628.453072,10288.862594
4031.258772,1149.143247,1480.411884,11029.068536
4031.259087,1149.143247,1628.453072,10584.944971
4031.259402,1532.190996,1258.350101,10807.006753
4031.259717,1991.848295,888.247130,10510.924376
4031.260032,1685.410096,-0.000000,9400.615463
4031.260348,1149.143247,-740.205942,9104.533087
4031.260663,689.485948,-1036.288319,9030.512492
4031.260978,306.438199,-1702.473667,8512.368333
4031.261293,-612.876398,-1628.453072,8586.388927
4031.261608,-919.314598,-1184.329507,7624.121203
4031.261923,-1072.533697,-1258.350101,7994.224174
4031.262239,-1302.362347,-1184.329507,8956.491898
4031.262554,-1302.362347,-888.247130,9326.594869
4031.262869,-1532.190996,-148.041188,9844.739029
4031.263184,-1302.362347,-148.041188,10214.842000
4031.263499,-689.485948,296.082377,10732.986159
4031.263814,153.219100,1184.329507,10732.986159
4031.264130,536.266849,962.267725,10955.047942
4031.264445,612.876398,1036.288319,11177.109724
4031.264760,1302.362347,1332.370696,10066.800811
4031.265075,1302.362347,1332.370696,9844.739029
4031.265390,1685.410096,666.185348,9178.553681
4031.265705,1991.848295,444.123565,8882.471304
4031.266021,1149.143247,-370.102971,8882.471304
4031.266336,919.314598,-1702.473667,8290.306550
4031.266651,0.000000,-1998.556043,8216.285956
4031.266966,-766.095498,-2146.597232,8660.409521
4031.267281,-995.924147,-1998.556043,8882.471304
4031.267596,-1149.143247,-1702.473667,8660.409521
4031.267912,-766.095498,-1332.370696,8660.409521
4031.268227,-1072.533697,-814.226536,9474.636058
4031.268542,-1149.143247,148.041188,9696.697840
4031.268857,-995.924147,666.185348,9844.739029
4031.269172,-306.438199,1258.350101,10140.821405
4031.269488,383.047749,1332.370696,10436.903782
4031.269803,842.705048,1628.453072,10214.842000
4031.270118,995.924147,1850.514855,11029.068536
4031.270433,1149.143247,1702.473667,10732.986159
4031.270748,1762.019645,1184.329507,10436.903782
4031.271063,1915.238745,666.185348,9622.677246
4031.271379,1302.362347,148.041188,9622.677246
4031.271694,1072.533697,-222.061783,9326.594869
4031.272009,383.047749,-666.185348,8808.450710
4031.272324,76.609550,-888.247130,8364.327145
4031.272639,-459.657299,-814.226536,8068.244768
4031.272954,-842.705048,-888.247130,8364.327145
4031.273270,-1225.752797,-888.247130,8364.327145
4031.273585,-1532.190996,-666.185348,8808.450710
4031.273900,-1072.533697,-148.041188,9622.677246
4031.274215,-1225.752797,518.144159,9918.759623
4031.274530,-689.485948,740.205942,10214.842000
4031.274845,-766.095498,1184.329507,11103.089130
4031.275161,153.219100,1406.391290,11547.212695
4031.275476,1072.533697,1628.453072,10732.986159
4031.275791,689.485948,1776.494261,10807.006753
4031.276106,1149.143247,2072.576638,10436.903782
4031.276421,1762.019645,1998.556043,10214.842000
4031.276736,1608.800546,1628.453072,9474.636058
4031.277052,1455.581446,296.082377,9326.594869
4031.277367,689.485948,-0.000000,8882.471304
4031.277682,76.609550,-592.164754,8734.430116
4031.277997,0.000000,-1258.350101,8586.388927
4031.278312,-689.485948,-1332.370696,8734.430116
4031.278627,-919.314598,-1406.391290,8956.491898
4031.278943,-1149.143247,-1036.288319,8734.430116
4031.279258,-1149.143247,-370.102971,9400.615463
4031.279573,-995.924147,-0.000000,9474.636058
4031.279888,-1225.752797,518.144159,9992.780217
4031.280203,-689.485948,962.267725,10288.862594
4031.280519,76.609550,1776.494261,10288.862594
4031.280834,459.657299,1850.514855,10732.986159
4031.281149,842.705048,1924.535449,10732.986159
4031.281464,1149.143247,1702.473667,11029.068536
4031.281779,1378.971896,1628.453072,10732.986159
4031.282094,1532.190996,1406.391290,10510.924376
4031.282410,1915.238745,444.123565,9992.780217
4031.282725,1302.362347,296.082377,9474.636058
4031.283040,1225.752797,-296.082377,8586.388927
4031.283355,306.438199,-888.247130,8364.327145
4031.283670,-229.828649,-1110.308913,8068.244768
4031.283985,-383.047749,-1184.329507,8512.368333
4031.284301,-842.705048,-1332.370696,8142.265362
4031.284616,-995.924147,-1480.411884,8216.285956
4031.284931,-919.314598,-814.226536,9030.512492
4031.285246,-1149.143247,-518.144159,9622.677246
4031.285561,-1149.143247,-0.000000,9918.759623
4031.285876,-919.314598,148.041188,10584.944971
4031.286192,-229.828649,888.247130,11177.109724
4031.286507,229.828649,1184.329507,10955.047942
4031.286822,536.266849,1332.370696,10955.047942
4031.287137,1072.533697,1406.391290,10658.965565
4031.287452,1608.800546,1184.329507,10214.842000
4031.287767,1608.800546,1184.329507,9622.677246
4031.288083,1608.800546,592.164754,9326.594869
4031.288398,1225.752797,-0.000000,9104.533087
4031.288713,919.314598,-592.164754,8882.471304
4031.289028,459.657299,-1480.411884,8660.409521
4031.289343,0.000000,-1924.535449,8512.368333
4031.289658,-766.095498,-1924.535449,8808.450710
4031.289974,-689.485948,-1554.432478,8660.409521
4031.290289,-1149.143247,-1406.391290,8586.388927
4031.290604,-459.657299,-1258.350101,9252.574275
4031.290919,-1225.752797,-592.164754,9548.656652
4031.291234,-1149.143247,518.144159,9622.677246
4031.291550,-995.924147,666.185348,10436.903782
4031.291865,0.000000,1332.370696,10510.924376
4031.292180,306.438199,1110.308913,10732.986159
4031.292495,766.095498,1258.350101,10881.027347
4031.292810,612.876398,1258.350101,11029.068536
4031.293125,919.314598,1110.308913,10955.047942
4031.293441,1149.143247,888.247130,10732.986159
4031.293756,1455.581446,666.185348,9474.636058
4031.294071,1532.190996,-0.000000,9104.533087
4031.294386,995.924147,-740.205942,8586.388927
4031.294701,612.876398,-962.267725,8512.368333
4031.295016,0.000000,-1628.453072,8142.265362
4031.295332,-766.095498,-1480.411884,7920.203579
4031.295647,-919.314598,-1776.494261,7920.203579
4031.295962,-995.924147,-1480.411884,8438.347739
4031.296277,-1072.533697,-888.247130,8882.471304
4031.296592,-1149.143247,-740.205942,9252.574275
4031.296907,-1149.143247,-0.000000,9844.739029
4031.297223,-1072.533697,370.102971,10288.862594
4031.297538,0.000000,962.267725,10881.027347
4031.297853,919.314598,1110.308913,10658.965565
4031.298168,1149.143247,1480.411884,10732.986159
4031.298483,1378.971896,1702.473667,10955.047942
4031.298798,1378.971896,1702.473667,9992.780217
4031.299114,1608.800546,1850.514855,9992.780217
4031.299429,1915.238745,1036.288319,9474.636058
4031.299744,1762.019645,222.061783,8808.450710
4031.300059,995.924147,-148.041188,8586.388927
4031.300374,689.485948,-888.247130,8734.430116
4031.300689,-306.438199,-1702.473667,9030.512492
4031.301005,-536.266849,-1628.453072,8734.430116
4031.301320,-919.314598,-1554.432478,8956.491898
4031.301635,-1149.143247,-1258.350101,8660.409521
4031.301950,-766.095498,-370.102971,9030.512492
4031.302265,-995.924147,-0.000000,9770.718434
4031.302580,-919.314598,962.267725,9844.739029
4031.302896,-995.924147,1258.350101,10362.883188
4031.303211,-459.657299,1850.514855,10732.986159
4031.303526,0.000000,1998.556043,10881.027347
4031.303840,919.314598,2146.597232,11177.109724
4031.304155,383.047749,2146.597232,11103.089130
4031.304470,766.095498,2146.597232,10807.006753
4031.304786,1302.362347,1776.494261,10288.862594
4031.305101,1455.581446,1258.350101,9770.718434
4031.305416,536.266849,148.041188,9400.615463
4031.305731,689.485948,-222.061783,9030.512492
4031.306046,229.828649,-296.082377,8586.388927
4031.306361,-229.828649,-814.226536,8142.265362
4031.306677,-995.924147,-962.267725,8216.285956
4031.306992,-842.705048,-1406.391290,8586.388927
4031.307307,-1455.581446,-1110.308913,8512.368333
4031.307622,-1455.581446,-592.164754,9178.553681
4031.307937,-1685.410096,-0.000000,9474.636058
4031.308252,-1225.752797,-0.000000,10140.821405
4031.308568,-1149.143247,444.123565,10584.944971
4031.308883,-306.438199,962.267725,10955.047942
4031.309198,306.438199,1332.370696,10881.027347
4031.309513,919.314598,1998.556043,10955.047942
4031.309828,1225.752797,1998.556043,10807.006753
4031.310143,1455.581446,1924.535449,10140.821405
4031.310458,1915.238745,1480.411884,9622.677246
4031.310774,1608.800546,962.267725,9030.512492
4031.311089,1225.752797,444.123565,9104.533087
4031.311404,995.924147,-518.144159,9104.533087
4031.311719,76.609550,-1258.350101,9178.553681
4031.312034,-536.266849,-1702.473667,8660.409521
4031.312349,-612.876398,-1776.494261,8734.430116
4031.312665,-995.924147,-1998.556043,8956.491898
4031.312980,-842.705048,-1554.432478,9400.615463
4031.313295,-919.314598,-814.226536,9326.594869
4031.313610,-766.095498,-222.061783,9400.615463
4031.313925,-842.705048,444.123565,9622.677246
4031.314240,-306.438199,1406.391290,9992.780217
4031.314555,383.047749,1628.453072,10362.883188
4031.314871,842.705048,1628.453072,10510.924376
4031.315186,1302.362347,1554.432478,10510.924376
4031.315501,1378.971896,1258.350101,10658.965565
4031.315816,1455.581446,1110.308913,10584.944971
4031.316131,1608.800546,592.164754,10436.903782
4031.316446,1149.143247,74.020594,9548.656652
4031.316762,1149.143247,-444.123565,9178.553681
4031.317077,842.705048,-962.267725,8586.388927
4031.317392,153.219100,-1628.453072,8068.244768
4031.317707,-229.828649,-1554.432478,8068.244768
4031.318022,-229.828649,-1776.494261,8216.285956
4031.318337,-689.485948,-1776.494261,7772.162391
4031.318652,-1149.143247,-1332.370696,8734.430116
4031.318968,-919.314598,-888.247130,9252.574275
4031.319283,-1072.533697,-518.144159,9696.697840
4031.319598,-1302.362347,-0.000000,9992.780217
4031.319913,-383.047749,370.102971,10288.862594
4031.320228,229.828649,814.226536,10955.047942
4031.320543,612.876398,1258.350101,10584.944971
4031.320859,536.266849,1480.411884,10510.924376
4031.321174,1072.533697,1110.308913,10362.883188
4031.321489,689.485948,1332.370696,10214.842000
4031.321804,1225.752797,1184.329507,9918.759623
4031.322119,1302.362347,296.082377,9696.697840
4031.322434,919.314598,-0.000000,9548.656652
4031.322749,76.609550,-1036.288319,9104.533087
4031.323065,0.000000,-1554.432478,8586.388927
4031.323380,-459.657299,-1850.514855,8586.388927
4031.323695,-612.876398,-1628.453072,9030.512492
4031.324010,-383.047749,-1554.432478,8586.388927
4031.324325,-459.657299,-1406.391290,8660.409521
4031.324640,-995.924147,-148.041188,9030.512492
4031.324956,-995.924147,222.061783,9178.553681
4031.325271,-1072.533697,962.267725,9918.759623
4031.325586,-995.924147,1110.308913,10362.883188
4031.325901,0.000000,1628.453072,10807.006753
4031.326216,229.828649,1554.432478,10732.986159
4031.326531,306.438199,1628.453072,10955.047942
4031.326846,612.876398,1480.411884,10955.047942
4031.327162,1225.752797,1258.350101,10807.006753
4031.327477,1455.581446,666.185348,10140.821405
4031.327792,1532.190996,962.267725,9622.677246
4031.328107,1378.971896,296.082377,8882.471304
4031.328422,919.314598,-370.102971,8512.368333
4031.328737,536.266849,-962.267725,8216.285956
4031.329053,-229.828649,-740.205942,8142.265362
4031.329368,-536.266849,-1184.329507,8068.244768
4031.329683,-689.485948,-1036.288319,8216.285956
4031.329998,-1149.143247,-814.226536,8586.388927
4031.330313,-1072.533697,-518.144159,9104.533087
4031.330628,-1455.581446,-370.102971,9622.677246
4031.330943,-995.924147,148.041188,10436.903782
4031.331259,-689.485948,888.247130,10807.006753
4031.331574,-306.438199,1258.350101,10658.965565
4031.331889,919.314598,1480.411884,10214.842000
4031.332204,919.314598,1776.494261,10658.965565
4031.332519,995.924147,2072.576638,10436.903782
4031.332834,1608.800546,1924.535449,10214.842000
4031.333150,1608.800546,1628.453072,9918.759623
4031.333465,1838.629195,1184.329507,9622.677246
4031.333780,1455.581446,444.123565,8882.471304
4031.334095,1149.143247,-592.164754,8586.388927
4031.334410,229.828649,-1184.329507,8882.471304
4031.334725,-229.828649,-1184.329507,9104.533087
4031.335040,-612.876398,-1702.473667,8956.491898
4031.335356,-1225.752797,-1332.370696,8660.409521
4031.335671,-1378.971896,-814.226536,9104.533087
4031.335986,-1302.362347,-222.061783,9474.636058
4031.336301,-1302.362347,370.102971,9400.615463
4031.336616,-1532.190996,814.226536,9918.759623
4031.336931,-1149.143247,1110.308913,10807.006753
4031.337247,0.000000,1776.494261,10881.027347
4031.337562,229.828649,1702.473667,11103.089130
4031.337877,153.219100,1332.370696,11177.109724
4031.338192,612.876398,1480.411884,11029.068536
4031.338507,919.314598,1554.432478,10510.924376
4031.338822,1685.410096,1036.288319,9992.780217
4031.339138,1378.971896,888.247130,9474.636058
4031.339453,1072.533697,-148.041188,8808.450710
4031.339768,766.095498,-518.144159,8364.327145
4031.340083,0.000000,-1036.288319,7994.224174
4031.340398,-459.657299,-1110.308913,8142.265362
4031.340713,-919.314598,-1406.391290,8512.368333
4031.341028,-1608.800546,-2072.576638,8216.285956
4031.341344,-1608.800546,-1702.473667,8808.450710
4031.341659,-1378.971896,-814.226536,9178.553681
4031.341974,-1608.800546,-518.144159,10066.800811
4031.342289,-1455.581446,-0.000000,9918.759623
4031.342604,-459.657299,666.185348,10510.924376
4031.342919,76.609550,1258.350101,10658.965565
4031.343235,919.314598,1332.370696,10436.903782
4031.343550,1378.971896,1776.494261,10436.903782
4031.343865,1302.362347,1776.494261,10436.903782
4031.344180,1838.629195,1628.453072,10288.862594
4031.344495,1838.629195,666.185348,9696.697840
4031.344810,1378.971896,296.082377,9178.553681
4031.345125,1225.752797,-444.123565,9474.636058
4031.345441,766.095498,-1184.329507,9252.574275
4031.345756,0.000000,-1924.535449,8882.471304
4031.346071,-306.438199,-1702.473667,9030.512492
4031.346386,-536.266849,-1998.556043,8512.368333
4031.346701,-459.657299,-1776.494261,8512.368333
4031.347016,-995.924147,-888.247130,8882.471304
4031.347332,-919.314598,-148.041188,9178.553681
4031.347647,-842.705048,222.061783,9326.594869
4031.347962,-842.705048,592.164754,9696.697840
4031.348277,-383.047749,1184.329507,10362.883188
4031.348592,76.609550,1036.288319,10436.903782
4031.348907,612.876398,1332.370696,10584.944971
4031.349222,612.876398,1332.370696,11103.089130
4031.349538,1072.533697,1184.329507,10881.027347
4031.349853,1685.410096,1480.411884,10955.047942
4031.350168,1685.410096,888.247130,10066.800811
4031.350483,1608.800546,666.185348,9252.574275
4031.350798,1072.533697,-148.041188,8808.450710
4031.351113,766.095498,-518.144159,8660.409521
4031.351429,383.047749,-1332.370696,8290.306550
4031.351744,0.000000,-1110.308913,8068.244768
4031.352059,-689.485948,-1628.453072,7994.224174
4031.352374,-842.705048,-1702.473667,8216.285956
4031.352689,-919.314598,-1036.288319,9252.574275
4031.353004,-1225.752797,-370.102971,9474.636058
4031.353319,-1532.190996,-148.041188,9844.739029
4031.353635,-1302.362347,296.082377,9918.759623
4031.353950,-459.657299,740.205942,10288.862594
4031.354265,76.609550,1554.432478,10658.965565
4031.354580,383.047749,1702.473667,10510.924376
4031.354895,612.876398,2072.576638,10955.047942
4031.355210,995.924147,1998.556043,9992.780217
4031.355526,1072.533697,1850.514855,9992.780217
4031.355841,1532.190996,1480.411884,10362.883188
4031.356156,995.924147,740.205942,10140.821405
4031.356471,229.828649,-148.041188,9474.636058
4031.356786,306.438199,-814.226536,9400.615463
4031.357101,0.000000,-1406.391290,9252.574275
4031.357416,-536.266849,-1110.308913,8808.450710
4031.357732,-995.924147,-1110.308913,8734.430116
4031.358047,-1302.362347,-814.226536,8586.388927
4031.358362,-1455.581446,-518.144159,8734.430116
4031.358677,-1149.143247,370.102971,8808.450710
4031.358992,-1455.581446,666.185348,9326.594869
4031.359307,-1302.362347,888.247130,9696.697840
4031.359623,-536.266849,1184.329507,10436.903782
4031.359938,-229.828649,1554.432478,10955.047942
4031.360253,229.828649,1480.411884,11325.150913
4031.360568,306.438199,1406.391290,11251.130318
4031.360883,919.314598,1184.329507,11103.089130
4031.361198,1302.362347,1406.391290,10807.006753
4031.361513,1532.190996,962.267725,9696.697840
4031.361829,1685.410096,814.226536,9104.533087
4031.362144,766.095498,296.082377,8734.430116
4031.362459,1378.971896,-74.020594,7994.224174
4031.362774,0.000000,-962.267725,7550.100608
4031.363089,-383.047749,-1110.308913,7846.182985
4031.363404,-995.924147,-1406.391290,8734.430116
4031.363720,-1455.581446,-1924.535449,8660.409521
4031.364035,-1532.190996,-1480.411884,8956.491898
4031.364350,-1302.362347,-888.247130,9696.697840
4031.364665,-1149.143247,-0.000000,10140.821405
4031.364980,-1149.143247,518.144159,10362.883188
4031.365295,0.000000,1258.350101,10881.027347
4031.365610,383.047749,1702.473667,10955.047942
4031.365926,919.314598,1924.535449,9918.759623
4031.366241,1149.143247,2146.597232,10140.821405
4031.366556,1532.190996,1850.514855,10288.862594
4031.366871,2298.286494,1554.432478,10066.800811
4031.367186,1685.410096,888.247130,9844.739029
4031.367501,1532.190996,222.061783,9474.636058
4031.367817,1225.752797,-444.123565,9252.574275
4031.368132,383.047749,-1110.308913,9252.574275
4031.368447,229.828649,-1628.453072,9104.533087
4031.368762,-459.657299,-1776.494261,8734.430116
4031.369077,-766.095498,-1850.514855,8512.368333
4031.369392,-919.314598,-1332.370696,8882.471304
4031.369708,-1149.143247,-592.164754,8956.491898
4031.370023,-995.924147,-74.020594,9104.533087
4031.370338,-1225.752797,518.144159,9696.697840
4031.370653,-1225.752797,740.205942,10288.862594
4031.370968,-229.828649,1110.308913,10881.027347
4031.371283,306.438199,1258.350101,10881.027347
4031.371598,383.047749,1110.308913,10807.006753
4031.371914,842.705048,1406.391290,11325.150913
4031.372229,995.924147,1110.308913,10807.006753
4031.372544,1532.190996,740.205942,10436.903782
4031.372859,1762.019645,296.082377,9918.759623
4031.373174,1762.019645,-0.000000,9104.533087
4031.373489,1378.971896,-222.061783,8142.265362
4031.373805,459.657299,-592.164754,7550.100608
4031.374120,0.000000,-1258.350101,8512.368333
4031.374435,-383.047749,-1776.494261,8364.327145
4031.374750,-842.705048,-1776.494261,8512.368333
4031.375065,-1302.362347,-1776.494261,8956.491898
4031.375380,-1302.362347,-1258.350101,9474.636058
4031.375695,-1378.971896,-962.267725,9770.718434
4031.376011,-1225.752797,-222.061783,10362.883188
4031.376326,-842.705048,-0.000000,10510.924376
4031.376641,0.000000,1036.288319,10436.903782
4031.376956,383.047749,1480.411884,10214.842000
4031.377271,995.924147,1850.514855,10510.924376
4031.377586,1072.533697,2072.576638,10658.965565
4031.377902,1149.143247,1998.556043,10510.924376
4031.378217,1149.143247,1406.391290,10066.800811
4031.378532,1685.410096,888.247130,9844.739029
4031.378847,919.314598,-148.041188,9474.636058
4031.379162,766.095498,-1332.370696,9844.739029
4031.379477,153.219100,-1554.432478,9474.636058
4031.379792,-229.828649,-1776.494261,8808.450710
4031.380108,-459.657299,-1406.391290,8660.409521
4031.380423,-766.095498,-1184.329507,8660.409521
4031.380738,-766.095498,-1036.288319,8142.265362
4031.381053,-919.314598,-370.102971,8512.368333
4031.381368,-1149.143247,148.041188,9030.512492
4031.381683,-995.924147,518.144159,9696.697840
4031.381999,-842.705048,962.267725,9622.677246
4031.382314,-383.047749,1184.329507,10140.821405
4031.382629,306.438199,1110.308913,10955.047942
4031.382944,459.657299,1406.391290,10955.047942
4031.383259,919.314598,1702.473667,11251.130318
4031.383574,1532.190996,1110.308913,10584.944971
4031.383889,1302.362347,1184.329507,10066.800811
4031.384205,1455.581446,814.226536,9400.615463
4031.384520,1608.800546,1036.288319,8512.368333
4031.384835,1225.752797,-74.020594,8808.450710
4031.385150,1378.971896,-888.247130,8364.327145
4031.385465,0.000000,-1110.308913,8216.285956
4031.385780,-383.047749,-1110.308913,8290.306550
4031.386096,-612.876398,-1258.350101,8586.388927
4031.386411,-1072.533697,-1110.308913,9104.533087
4031.386726,-995.924147,-740.205942,9918.759623
4031.387041,-1302.362347,-666.185348,10214.842000
4031.387356,-1225.752797,-74.020594,9992.780217
4031.387671,-459.657299,814.226536,10066.800811
4031.387986,0.000000,1332.370696,10436.903782
4031.388302,1302.362347,1628.453072,11103.089130
4031.388617,842.705048,2442.679609,10584.944971
4031.388932,919.314598,2220.617826,10066.800811
4031.389247,1072.533697,1998.556043,10066.800811
4031.389562,1302.362347,1554.432478,9918.759623
4031.389877,919.314598,444.123565,10362.883188
4031.390193,536.266849,-0.000000,10066.800811
4031.390508,383.047749,-740.205942,9326.594869
4031.390823,76.609550,-1332.370696,9178.553681
4031.391138,-383.047749,-1776.494261,8956.491898
4031.391453,-919.314598,-1480.411884,8734.430116
4031.391768,-1072.533697,-888.247130,8660.409521
4031.392083,-1072.533697,-444.123565,8438.347739
4031.392399,-995.924147,-74.020594,8956.491898
4031.392714,-1072.533697,518.144159,9030.512492
4031.393029,-1378.971896,962.267725,9326.594869
4031.393344,-1225.752797,1036.288319,10140.821405
4031.393659,-689.485948,1406.391290,10658.965565
4031.393974,0.000000,1036.288319,11103.089130
4031.394290,306.438199,1036.288319,11177.109724
4031.394605,689.485948,1258.350101,10955.047942
4031.394920,995.924147,1184.329507,10881.027347
4031.395235,1455.581446,962.267725,9844.739029
4031.395550,1455.581446,518.144159,9918.759623
4031.395865,1455.581446,444.123565,8660.409521
4031.396180,1302.362347,-222.061783,8290.306550
4031.396496,459.657299,-666.185348,7920.203579
4031.396811,-229.828649,-1258.350101,8142.265362
4031.397126,76.609550,-1110.308913,8660.409521
4031.397441,-459.657299,-1628.453072,8882.471304
4031.397756,-919.314598,-1480.411884,8882.471304
4031.398071,-995.924147,-888.247130,9474.636058
4031.398387,-1225.752797,-740.205942,9918.759623
4031.398702,-995.924147,-0.000000,10362.883188
4031.399017,-306.438199,814.226536,10510.924376
4031.399332,76.609550,1036.288319,10658.965565
4031.399647,612.876398,1258.350101,10288.862594
4031.399962,1225.752797,1480.411884,10362.883188
4031.400277,1302.362347,1184.329507,9918.759623
4031.400593,1762.019645,1554.432478,9992.780217
4031.400908,1838.629195,1110.308913,10214.842000
4031.401223,1762.019645,296.082377,9622.677246
4031.401538,1378.971896,-296.082377,9400.615463
4031.401853,1302.362347,-1036.288319,9326.594869
4031.402168,536.266849,-1776.494261,9104.533087
4031.402484,76.609550,-1850.514855,8660.409521
4031.402799,-229.828649,-1702.473667,8512.368333
4031.403114,-612.876398,-1554.432478,8512.368333
4031.403429,-842.705048,-1036.288319,8290.306550
4031.403744,-1225.752797,-148.041188,8364.327145
4031.404059,-1072.533697,-0.000000,8956.491898
4031.404375,-1072.533697,370.102971,9622.677246
4031.404690,-995.924147,592.164754,10362.883188
4031.405005,-459.657299,666.185348,10658.965565
4031.405320,76.609550,814.226536,10658.965565
4031.405635,383.047749,1406.391290,10955.047942
4031.405951,842.705048,1110.308913,11251.130318
4031.406266,995.924147,962.267725,10955.047942
4031.406581,1608.800546,1184.329507,9918.759623
4031.406896,1608.800546,814.226536,9474.636058
4031.407211,1532.190996,666.185348,8882.471304
4031.407526,842.705048,-148.041188,8734.430116
4031.407842,842.705048,-888.247130,8290.306550
4031.408157,-383.047749,-1184.329507,8216.285956
4031.408472,-689.485948,-1036.288319,8660.409521
4031.408787,-995.924147,-1554.432478,8364.327145
4031.409102,-1149.143247,-1332.370696,8956.491898
4031.409418,-1149.143247,-740.205942,9474.636058
4031.409733,-1532.190996,-444.123565,9622.677246
4031.410048,-1455.581446,370.102971,9844.739029
4031.410363,-842.705048,1110.308913,10510.924376
4031.410678,-229.828649,1480.411884,11029.068536
4031.410994,0.000000,2146.597232,10510.924376
4031.411309,383.047749,2294.638420,10807.006753
4031.411624,842.705048,1776.494261,10288.862594
4031.411939,1149.143247,1554.432478,10362.883188
4031.412254,1685.410096,1554.432478,10214.842000
4031.412570,995.924147,666.185348,9696.697840
4031.412885,1225.752797,-0.000000,9474.636058
4031.413200,383.047749,-814.226536,9178.553681
4031.413515,0.000000,-1332.370696,9030.512492
4031.413830,0.000000,-1554.432478,8660.409521
4031.414146,-842.705048,-1332.370696,9030.512492
4031.414461,-919.314598,-814.226536,8290.306550
4031.414776,-1225.752797,-518.144159,8512.368333
4031.415091,-1302.362347,-148.041188,9178.553681
4031.415406,-1225.752797,222.061783,9326.594869
4031.415722,-1149.143247,296.082377,9770.718434
4031.416037,-995.924147,1036.288319,10510.924376
4031.416352,-306.438199,1406.391290,10362.883188
4031.416667,383.047749,1480.411884,11029.068536
4031.416982,612.876398,1628.453072,11029.068536
4031.417298,919.314598,1332.370696,10955.047942
4031.417613,1608.800546,1628.453072,10362.883188
4031.417928,1991.848295,1554.432478,9770.718434
4031.418243,2068.457845,1258.350101,9400.615463
4031.418558,1991.848295,518.144159,8882.471304
4031.418874,1302.362347,-518.144159,8734.430116
4031.419189,459.657299,-888.247130,8216.285956
4031.419504,0.000000,-1110.308913,8364.327145
4031.419819,-536.266849,-1332.370696,8512.368333
4031.420134,-766.095498,-1480.411884,8808.450710
4031.420450,-842.705048,-1036.288319,9326.594869
4031.420765,-1225.752797,-592.164754,9400.615463
4031.421080,-1225.752797,-370.102971,9770.718434
4031.421395,-766.095498,370.102971,10140.821405
4031.421710,-689.485948,888.247130,10214.842000
4031.422026,76.609550,1036.288319,10362.883188
4031.422341,766.095498,1924.535449,10214.842000
4031.422656,689.485948,2072.576638,10584.944971
4031.422971,1225.752797,1850.514855,10807.006753
4031.423286,1455.581446,1332.370696,10362.883188
4031.423602,1532.190996,814.226536,10214.842000
4031.423917,1302.362347,370.102971,9918.759623
4031.424232,1072.533697,-296.082377,9474.636058
4031.424547,689.485948,-1110.308913,9400.615463
4031.424862,0.000000,-1850.514855,9326.594869
4031.425178,-306.438199,-1554.432478,8586.388927
4031.425493,-995.924147,-1776.494261,8216.285956
4031.425808,-995.924147,-1332.370696,8216.285956
4031.426123,-689.485948,-888.247130,8586.388927
4031.426438,-1072.533697,-74.020594,9030.512492
4031.426754,-995.924147,-0.000000,9252.574275
4031.427069,-1302.362347,740.205942,9622.677246
4031.427384,-689.485948,592.164754,10288.862594
4031.427699,0.000000,814.226536,10881.027347
4031.428014,383.047749,1332.370696,11177.109724
4031.428330,536.266849,1332.370696,10955.047942
4031.428645,919.314598,1406.391290,10807.006753
4031.428960,1608.800546,1702.473667,10288.862594
4031.429275,2145.067394,1184.329507,9844.739029
4031.429590,1608.800546,740.205942,9326.594869
4031.429906,1532.190996,-74.020594,8586.388927
4031.430221,766.095498,-222.061783,8364.327145
4031.430536,306.438199,-888.247130,8364.327145
4031.430851,-229.828649,-1258.350101,8364.327145
4031.431166,-689.485948,-1628.453072,8734.430116
4031.431482,-995.924147,-1628.453072,8734.430116
4031.431797,-1072.533697,-1258.350101,9104.533087
4031.432112,-1072.533697,-666.185348,9474.636058
4031.432427,-1225.752797,-592.164754,10214.842000
4031.432742,-1302.362347,518.144159,10436.903782
4031.433058,-689.485948,814.226536,10140.821405
4031.433373,76.609550,1184.329507,10436.903782
4031.433688,459.657299,1776.494261,10510.924376
4031.434003,766.095498,1998.556043,10584.944971
4031.434318,1072.533697,1702.473667,10436.903782
4031.434634,1378.971896,1554.432478,10510.924376
4031.434949,1302.362347,814.226536,9918.759623
4031.435264,1685.410096,370.102971,9474.636058
4031.435579,919.314598,-370.102971,9326.594869
4031.435894,842.705048,-1036.288319,9030.512492
4031.436210,76.609550,-1628.453072,8882.471304
4031.436525,-229.828649,-1554.432478,8512.368333
4031.436840,-459.657299,-1110.308913,8512.368333
4031.437155,-689.485948,-1628.453072,7920.203579
4031.437470,-842.705048,-962.267725,8512.368333
4031.437786,-459.657299,-222.061783,8808.450710
4031.438101,-1149.143247,-222.061783,9252.574275
4031.438416,-766.095498,740.205942,9992.780217
4031.438731,-689.485948,592.164754,10510.924376
4031.439046,0.000000,888.247130,10955.047942
4031.439362,229.828649,1406.391290,10732.986159
4031.439677,766.095498,1776.494261,11103.089130
4031.439992,1225.752797,1628.453072,11029.068536
4031.440307,1378.971896,1480.411884,10510.924376
4031.440622,1685.410096,1332.370696,10066.800811
4031.440938,1608.800546,666.185348,9400.615463
4031.441253,1532.190996,-0.000000,8586.388927
4031.441568,1149.143247,-222.061783,8364.327145
4031.441883,536.266849,-666.185348,8216.285956
4031.442198,0.000000,-1184.329507,8142.265362
4031.442514,-842.705048,-1554.432478,8290.306550
4031.442829,-995.924147,-1332.370696,8586.388927
4031.443144,-1302.362347,-1258.350101,9178.553681
4031.443459,-1378.971896,-666.185348,9918.759623
4031.443774,-1302.362347,-444.123565,9918.759623
4031.444090,-1455.581446,-0.000000,10214.842000
4031.444405,-612.876398,962.267725,10881.027347
4031.444720,0.000000,1628.453072,10732.986159
4031.445035,459.657299,1998.556043,10658.965565
4031.445350,995.924147,2146.597232,10362.883188
4031.445666,1072.533697,2146.597232,10214.842000
4031.445981,1149.143247,1406.391290,10140.821405
4031.446296,1455.581446,1184.329507,9918.759623
4031.446611,1302.362347,592.164754,9696.697840
4031.446926,1149.143247,-148.041188,9178.553681
4031.447242,459.657299,-592.164754,8882.471304
4031.447557,306.438199,-1628.453072,9104.533087
4031.447872,-383.047749,-1702.473667,8438.347739
4031.448187,-842.705048,-1406.391290,8512.368333
4031.448502,-1225.752797,-1184.329507,8068.244768
4031.448818,-1302.362347,-1110.308913,8586.388927
4031.449133,-1455.581446,-296.082377,9178.553681
4031.449448,-1302.362347,-0.000000,9770.718434
4031.449763,-1378.971896,518.144159,9844.739029
4031.450078,-766.095498,740.205942,10584.944971
4031.450394,76.609550,1406.391290,11103.089130
4031.450709,229.828649,1480.411884,11399.171507
4031.451024,689.485948,1924.535449,10955.047942
4031.451339,1149.143247,1702.473667,10658.965565
4031.451654,1225.752797,2072.576638,10140.821405
4031.451970,2298.286494,1480.411884,9918.759623
4031.452285,1838.629195,888.247130,9326.594869
4031.452600,1302.362347,296.082377,8882.471304
4031.452915,995.924147,-592.164754,8586.388927
4031.453230,153.219100,-1406.391290,7994.224174
4031.453546,0.000000,-1702.473667,8364.327145
4031.453861,-919.314598,-1554.432478,8808.450710
4031.454176,-995.924147,-1628.453072,8882.471304
4031.454491,-919.314598,-962.267725,9104.533087
4031.454806,-1072.533697,-592.164754,9178.553681
4031.455122,-459.657299,-148.041188,9844.739029
4031.455437,-919.314598,666.185348,9844.739029
4031.455752,-383.047749,1184.329507,10584.944971
4031.456067,459.657299,1776.494261,10584.944971
4031.456382,766.095498,1702.473667,10436.903782
4031.456698,1532.190996,1998.556043,10807.006753
4031.457013,1532.190996,1776.494261,10732.986159
4031.457328,1455.581446,1776.494261,10584.944971
4031.457643,1608.800546,592.164754,10140.821405
4031.457958,1378.971896,370.102971,9474.636058
4031.458274,1149.143247,-740.205942,9104.533087
4031.458589,842.705048,-1258.350101,9400.615463
4031.458904,306.438199,-1480.411884,8808.450710
4031.459219,0.000000,-1554.432478,8216.285956
4031.459534,-383.047749,-1628.453072,8364.327145
4031.459850,-689.485948,-1258.350101,8290.306550
4031.460165,-1072.533697,-592.164754,8808.450710
4031.460480,-766.095498,-222.061783,9030.512492
4031.460795,-995.924147,-0.000000,9326.594869
4031.461110,-689.485948,222.061783,9918.759623
4031.461426,-306.438199,592.164754,10436.903782
4031.461741,153.219100,962.267725,11029.068536
4031.462056,536.266849,1036.288319,10732.986159
4031.462371,536.266849,1554.432478,11103.089130
4031.462686,459.657299,1554.432478,10955.047942
4031.463002,1225.752797,1406.391290,9918.759623
4031.463317,1608.800546,962.267725,9918.759623
4031.463632,1302.362347,444.123565,9548.656652
4031.463947,766.095498,-0.000000,8956.491898
4031.464262,229.828649,-888.247130,8512.368333
4031.464578,0.000000,-1258.350101,8586.388927
4031.464893,-536.266849,-1480.411884,8956.491898
4031.465208,-1149.143247,-1480.411884,8438.347739
4031.465523,-995.924147,-1702.473667,8290.306550
4031.465838,-1455.581446,-1184.329507,9474.636058
4031.466153,-1532.190996,-666.185348,9548.656652
4031.466469,-1685.410096,-222.061783,9844.739029
4031.466784,-1302.362347,370.102971,9918.759623
4031.467099,-612.876398,814.226536,10140.821405
4031.467414,153.219100,1110.308913,10140.821405
4031.467729,536.266849,1258.350101,10584.944971
4031.468045,689.485948,1776.494261,11029.068536
4031.468360,1072.533697,1628.453072,10510.924376
4031.468675,1072.533697,1406.391290,10140.821405
4031.468990,1685.410096,740.205942,9770.718434
4031.469305,1378.971896,518.144159,9844.739029
4031.469621,1149.143247,-0.000000,8808.450710
4031.469936,766.095498,-814.226536,8734.430116
4031.470251,383.047749,-1258.350101,8438.347739
4031.470566,0.000000,-1406.391290,7994.224174
4031.470881,-766.095498,-1554.432478,8660.409521
4031.471197,-995.924147,-1258.350101,8734.430116
4031.471512,-1302.362347,-888.247130,8660.409521
4031.471827,-689.485948,-518.144159,9400.615463
4031.472142,-1302.362347,-0.000000,9918.759623
4031.472457,-995.924147,296.082377,10436.903782
4031.472773,-306.438199,1184.329507,10288.862594
4031.473088,306.438199,1406.391290,10214.842000
4031.473403,919.314598,1628.453072,11399.171507
4031.473718,1378.971896,1998.556043,11103.089130
4031.474033,1608.800546,1850.514855,10732.986159
4031.474349,1762.019645,1850.514855,10214.842000
4031.474664,1762.019645,1184.329507,9622.677246
4031.474979,2068.457845,814.226536,8882.471304
4031.475294,1225.752797,296.082377,9104.533087
4031.475609,1149.143247,-592.164754,8586.388927
4031.475925,306.438199,-1406.391290,8216.285956
4031.476240,-229.828649,-1184.329507,8364.327145
4031.476555,-536.266849,-1406.391290,8734.430116
4031.476870,-1149.143247,-1036.288319,8734.430116
4031.477185,-1302.362347,-740.205942,9178.553681
4031.477501,-1072.533697,-222.061783,9548.656652
4031.477816,-995.924147,-0.000000,9696.697840
4031.478131,-995.924147,666.185348,9918.759623
4031.478446,-612.876398,1332.370696,10436.903782
4031.478761,229.828649,1776.494261,10807.006753
4031.479077,612.876398,2072.576638,10584.944971
4031.479392,612.876398,1998.556043,10732.986159
4031.479707,995.924147,1628.453072,10658.965565
4031.480022,1225.752797,1554.432478,10066.800811
4031.480337,1455.581446,888.247130,9844.739029
4031.480653,919.314598,296.082377,9992.780217
4031.480968,1072.533697,-592.164754,9326.594869
4031.481283,0.000000,-740.205942,9030.512492
4031.481598,-459.657299,-1702.473667,8660.409521
4031.481913,-612.876398,-1332.370696,8808.450710
4031.482229,-1149.143247,-1258.350101,8438.347739
4031.482544,-1072.533697,-1406.391290,8216.285956
4031.482859,-1225.752797,-962.267725,9326.594869
4031.483174,-1302.362347,-74.020594,9474.636058
4031.483489,-1455.581446,-0.000000,9622.677246
4031.483805,-1149.143247,666.185348,9696.697840
4031.484120,-766.095498,1036.288319,10955.047942
4031.484435,0.000000,1110.308913,11251.130318
4031.484750,383.047749,1480.411884,10881.027347
4031.485065,383.047749,1406.391290,11251.130318
4031.485381,1685.410096,592.164754,10288.862594
4031.485696,1149.143247,1036.288319,10140.821405
4031.486011,1378.971896,814.226536,9918.759623
4031.486326,1378.971896,222.061783,9178.553681
4031.486641,1149.143247,-148.041188,8586.388927
4031.486957,536.266849,-1110.308913,8512.368333
4031.487272,0.000000,-1554.432478,8142.265362
4031.487587,-383.047749,-1406.391290,8660.409521
4031.487902,-612.876398,-1850.514855,8364.327145
4031.488217,-612.876398,-1702.473667,8438.347739
4031.488533,-1225.752797,-888.247130,9178.553681
4031.488848,-1225.752797,-666.185348,9178.553681
4031.489163,-995.924147,-74.020594,9770.718434
4031.489478,-766.095498,296.082377,10140.821405
4031.489793,-229.828649,592.164754,10436.903782
4031.490109,766.095498,1184.329507,10362.883188
4031.490424,1149.143247,1554.432478,10436.903782
4031.490739,1225.752797,1702.473667,10658.965565
4031.491054,1762.019645,1332.370696,10288.862594
4031.491369,2068.457845,1184.329507,10362.883188
4031.491685,2298.286494,518.144159,9696.697840
4031.492000,1762.019645,148.041188,9178.553681
4031.492315,1455.581446,-222.061783,8956.491898
4031.492630,1149.143247,-888.247130,9178.553681
4031.492945,76.609550,-1628.453072,8660.409521
4031.493261,-383.047749,-1776.494261,8660.409521
4031.493576,-689.485948,-1628.453072,8512.368333
4031.493891,-766.095498,-1258.350101,8882.471304
4031.494206,-766.095498,-592.164754,8882.471304
4031.494521,-995.924147,-518.144159,9178.553681
4031.494837,-919.314598,-0.000000,9992.780217
4031.495152,-766.095498,222.061783,10288.862594
4031.495467,-306.438199,1258.350101,10732.986159
4031.495782,459.657299,1480.411884,10807.006753
4031.496097,1378.971896,1554.432478,10584.944971
4031.496413,1225.752797,1924.535449,10658.965565
4031.496728,1225.752797,1776.494261,10658.965565
4031.497043,1378.971896,1406.391290,10510.924376
4031.497358,1608.800546,814.226536,9548.656652
4031.497673,1378.971896,444.123565,9178.553681
4031.497989,612.876398,-518.144159,8808.450710
4031.498304,0.000000,-962.267725,9178.553681
4031.498619,-383.047749,-1776.494261,8882.471304
4031.498934,-842.705048,-1480.411884,8660.409521
4031.499249,-1149.143247,-1406.391290,8734.430116
4031.499565,-1685.410096,-1184.329507,8734.430116
4031.499880,-1378.971896,-666.185348,9326.594869
4031.500195,-1532.190996,-74.020594,9548.656652
4031.500510,-1608.800546,518.144159,9622.677246
4031.500825,-1225.752797,888.247130,10140.821405
4031.501141,-612.876398,1184.329507,10510.924376
4031.501456,229.828649,1628.453072,10807.006753
4031.501771,459.657299,1998.556043,10881.027347
4031.502086,689.485948,1850.514855,10658.965565
4031.502401,766.095498,1110.308913,11177.109724
4031.502717,1225.752797,1554.432478,9918.759623
4031.503032,1455.581446,888.247130,9400.615463
4031.503347,1302.362347,370.102971,9326.594869
4031.503662,1072.533697,-148.041188,8882.471304
4031.503977,536.266849,-814.226536,8512.368333
4031.504293,0.000000,-1480.411884,8660.409521
4031.504608,-536.266849,-1258.350101,8734.430116
4031.504923,-766.095498,-1110.308913,8586.388927
4031.505238,-995.924147,-1036.288319,8290.306550
4031.505553,-919.314598,-148.041188,9400.615463
4031.505869,-1072.533697,-0.000000,9548.656652
4031.506184,-1149.143247,518.144159,10140.821405
4031.506499,-766.095498,888.247130,10214.842000
4031.506814,0.000000,1258.350101,10510.924376
4031.507129,76.609550,1628.453072,10881.027347
4031.507444,842.705048,1776.494261,11177.109724
4031.507760,842.705048,1480.411884,11177.109724
4031.508075,1302.362347,1702.473667,10436.903782
4031.508390,1991.848295,1554.432478,10066.800811
4031.508705,2298.286494,888.247130,9548.656652
4031.509020,1608.800546,666.185348,9400.615463
4031.509336,995.924147,-296.082377,8882.471304
4031.509651,689.485948,-1184.329507,8660.409521
4031.509966,229.828649,-1480.411884,8734.430116
4031.510281,-306.438199,-1628.453072,8512.368333
4031.510596,-153.219100,-1702.473667,8364.327145
4031.510911,-536.266849,-1480.411884,9104.533087
4031.511227,-689.485948,-666.185348,9326.594869
4031.511542,-459.657299,-296.082377,9474.636058
4031.511857,-459.657299,444.123565,9548.656652
4031.512172,-536.266849,592.164754,10214.842000
4031.512487,76.609550,1110.308913,10436.903782
4031.512803,536.266849,1036.288319,10436.903782
4031.513118,1532.190996,1332.370696,11399.171507
4031.513433,1072.533697,1184.329507,10955.047942
4031.513748,1455.581446,1110.308913,9918.759623
4031.514063,1838.629195,888.247130,10362.883188
4031.514379,1762.019645,740.205942,9696.697840
4031.514694,1685.410096,-148.041188,9474.636058
4031.515009,995.924147,-666.185348,9030.512492
4031.515324,459.657299,-1184.329507,8734.430116
4031.515639,76.609550,-1480.411884,8438.347739
4031.515954,-383.047749,-1184.329507,8290.306550
4031.516270,-1072.533697,-1998.556043,8438.347739
4031.516585,-612.876398,-1184.329507,9030.512492
4031.516900,-995.924147,-962.267725,9400.615463
4031.517215,-1302.362347,-370.102971,9622.677246
4031.517530,-1608.800546,74.020594,9844.739029
4031.517846,-1225.752797,370.102971,10732.986159
4031.518161,-459.657299,666.185348,11177.109724
4031.518476,0.000000,1036.288319,10732.986159
4031.518791,76.609550,1184.329507,10732.986159
4031.519106,995.924147,1554.432478,10658.965565
4031.519421,1072.533697,1480.411884,10214.842000
4031.519737,1762.019645,1702.473667,9844.739029
4031.520052,1378.971896,740.205942,9474.636058
4031.520367,995.924147,-0.000000,9030.512492
4031.520682,995.924147,-888.247130,8734.430116
4031.520997,229.828649,-1480.411884,8364.327145
4031.521313,-229.828649,-1480.411884,8290.306550
4031.521628,-919.314598,-1702.473667,8438.347739
4031.521943,-842.705048,-1628.453072,8586.388927
4031.522258,-1149.143247,-1110.308913,8290.306550
4031.522573,-995.924147,-740.205942,8956.491898
4031.522889,-1072.533697,-222.061783,9400.615463
4031.523204,-1608.800546,296.082377,9548.656652
4031.523519,-995.924147,592.164754,10288.862594
4031.523834,-459.657299,814.226536,10881.027347
4031.524149,306.438199,1332.370696,10732.986159
4031.524464,689.485948,1554.432478,10584.944971
4031.524780,919.314598,1702.473667,10584.944971
4031.525095,1762.019645,1776.494261,10510.924376
4031.525410,1915.238745,1554.432478,9770.718434
4031.525725,2604.724693,888.247130,9696.697840
4031.526040,1685.410096,296.082377,9400.615463
4031.526356,1149.143247,-0.000000,8586.388927
4031.526671,612.876398,-962.267725,8438.347739
4031.526986,-153.219100,-1332.370696,8142.265362
4031.527301,-383.047749,-1480.411884,8660.409521
4031.527616,-766.095498,-1554.432478,8660.409521
4031.527931,-1225.752797,-888.247130,9104.533087
4031.528247,-1149.143247,-296.082377,9474.636058
4031.528562,-1149.143247,-370.102971,9770.718434
4031.528877,-1302.362347,592.164754,10362.883188
4031.529192,-689.485948,1036.288319,10510.924376
4031.529507,0.000000,1480.411884,10658.965565
4031.529823,766.095498,1998.556043,10584.944971
4031.530138,842.705048,1998.556043,10436.903782
4031.530453,1302.362347,2294.638420,10881.027347
4031.530768,1455.581446,2368.659014,10140.821405
4031.531083,1915.238745,1702.473667,9622.677246
4031.531399,1762.019645,666.185348,9252.574275
4031.531714,1378.971896,296.082377,9178.553681
4031.532029,689.485948,-444.123565,8586.388927
4031.532344,383.047749,-1406.391290,8586.388927
4031.532659,-689.485948,-1702.473667,8734.430116
4031.532974,-689.485948,-1406.391290,8512.368333
4031.533290,-1532.190996,-1258.350101,8438.347739
4031.533605,-1302.362347,-962.267725,8808.450710
4031.533920,-1149.143247,-0.000000,9474.636058
4031.534235,-1072.533697,-0.000000,9474.636058
4031.534550,-919.314598,666.185348,9918.759623
4031.534866,-689.485948,1184.329507,10732.986159
4031.535181,153.219100,1480.411884,10510.924376
4031.535496,689.485948,1628.453072,10807.006753
4031.535811,689.485948,1776.494261,10807.006753
4031.536126,2068.457845,2442.679609,10881.027347
4031.536441,1225.752797,1776.494261,10510.924376
4031.536757,1532.190996,1110.308913,9918.759623
4031.537072,1455.581446,518.144159,9548.656652
4031.537387,842.705048,-148.041188,8956.491898
4031.537702,612.876398,-814.226536,8512.368333
4031.538017,-306.438199,-1332.370696,8734.430116
4031.538333,-536.266849,-1628.453072,8660.409521
4031.538648,-842.705048,-1554.432478,8438.347739
4031.538963,-995.924147,-1628.453072,8364.327145
4031.539278,-1378.971896,-1258.350101,8882.471304
4031.539593,-1225.752797,-666.185348,9622.677246
4031.539909,-1302.362347,-296.082377,9918.759623
4031.540224,-1378.971896,592.164754,10066.800811
4031.540539,-612.876398,1406.391290,10436.903782
4031.540854,-153.219100,1184.329507,10436.903782
4031.541169,536.266849,1554.432478,10955.047942
4031.541484,459.657299,1406.391290,10807.006753
4031.541800,766.095498,1406.391290,10584.944971
4031.542115,1608.800546,888.247130,10214.842000
4031.542430,1838.629195,740.205942,9770.718434
4031.542745,1608.800546,370.102971,9622.677246
4031.543060,995.924147,-666.185348,9104.533087
4031.543376,995.924147,-1332.370696,8956.491898
4031.543691,229.828649,-1406.391290,8512.368333
4031.544006,-229.828649,-1628.453072,8290.306550
4031.544321,0.000000,-1702.473667,8364.327145
4031.544636,-383.047749,-1554.432478,8586.388927
4031.544951,-612.876398,-1258.350101,8364.327145
4031.545267,-689.485948,-666.185348,9178.553681
4031.545582,-1072.533697,-74.020594,9844.739029
4031.545897,-1149.143247,518.144159,9844.739029
4031.546212,0.000000,444.123565,10362.883188
4031.546527,153.219100,518.144159,10732.986159
4031.546843,612.876398,962.267725,10510.924376
4031.547158,995.924147,1406.391290,10658.965565
4031.547473,1072.533697,1258.350101,10732.986159
4031.547788,1455.581446,1332.370696,10362.883188
4031.548103,1762.019645,1258.350101,9622.677246
4031.548419,1685.410096,740.205942,9474.636058
4031.548734,1532.190996,-0.000000,9030.512492
4031.549049,1072.533697,-222.061783,9252.574275
4031.549364,229.828649,-962.267725,8660.409521
4031.549679,229.828649,-1406.391290,8586.388927
4031.549994,-383.047749,-1110.308913,8364.327145
4031.550310,-612.876398,-1184.329507,8660.409521
4031.550625,-1225.752797,-1110.308913,9474.636058
4031.550940,-1378.971896,-74.020594,9548.656652
4031.551255,-1149.143247,-0.000000,9474.636058
4031.551570,-1302.362347,592.164754,9844.739029
4031.551886,-919.314598,1110.308913,10510.924376
4031.552201,0.000000,1406.391290,10658.965565
4031.552516,229.828649,1554.432478,10288.862594
4031.552831,306.438199,1924.535449,10658.965565
4031.553146,919.314598,1776.494261,10732.986159
4031.553461,1225.752797,1850.514855,10510.924376
4031.553777,1455.581446,1332.370696,9770.718434
4031.554092,1302.362347,740.205942,9474.636058
4031.554407,1225.752797,296.082377,9178.553681
4031.554722,842.705048,-148.041188,8290.306550
4031.555037,459.657299,-814.226536,8734.430116
4031.555353,-383.047749,-888.247130,8512.368333
4031.555668,-1072.533697,-1184.329507,8364.327145
4031.555983,-1378.971896,-1036.288319,8364.327145
4031.556298,-1225.752797,-814.226536,8808.450710
4031.556613,-1225.752797,-296.082377,9326.594869
4031.556929,-1532.190996,-0.000000,9844.739029
4031.557244,-1225.752797,666.185348,10214.842000
4031.557559,-842.705048,740.205942,10881.027347
4031.557874,-229.828649,1702.473667,10955.047942
4031.558189,689.485948,1998.556043,10881.027347
4031.558504,766.095498,1998.556043,10881.027347
4031.558820,1149.143247,1924.535449,10584.944971
4031.559135,1149.143247,1776.494261,10288.862594
4031.559450,1608.800546,1332.370696,9844.739029
4031.559765,1532.190996,740.205942,9696.697840
4031.560080,995.924147,296.082377,9030.512492
4031.560396,689.485948,-444.123565,9178.553681
4031.560711,153.219100,-1258.350101,9178.553681
4031.561026,-229.828649,-1332.370696,8586.388927
4031.561341,-1072.533697,-1554.432478,8882.471304
4031.561656,-995.924147,-1258.350101,8586.388927
4031.561971,-766.095498,-666.185348,9178.553681
4031.562287,-995.924147,-74.020594,9030.512492
4031.562602,-919.314598,370.102971,9622.677246
4031.562917,-919.314598,814.226536,9844.739029
4031.563232,-689.485948,1258.350101,10288.862594
4031.563547,383.047749,1184.329507,10288.862594
4031.563863,536.266849,1628.453072,10510.924376
4031.564178,1149.143247,1850.514855,11251.130318
4031.564493,1225.752797,1480.411884,10510.924376
4031.564808,1225.752797,1184.329507,10288.862594
4031.565123,1762.019645,666.185348,10066.800811
4031.565438,1302.362347,-0.000000,9178.553681
4031.565754,1302.362347,-518.144159,9178.553681
4031.566069,1149.143247,-1036.288319,8808.450710
4031.566384,612.876398,-1480.411884,8290.306550
4031.566699,0.000000,-1628.453072,7994.224174
4031.567014,-229.828649,-1184.329507,8142.265362
4031.567330,-153.219100,-1406.391290,8512.368333
4031.567645,-536.266849,-1036.288319,8882.471304
4031.567960,-919.314598,-592.164754,9400.615463
4031.568275,-842.705048,-444.123565,9696.697840
4031.568590,-919.314598,-0.000000,9918.759623
4031.568906,-306.438199,444.123565,10881.027347
4031.569221,306.438199,740.205942,11177.109724
4031.569536,842.705048,1258.350101,10807.006753
4031.569851,1149.143247,1184.329507,10510.924376
4031.570166,1072.533697,1184.329507,10362.883188
4031.570481,1378.971896,1036.288319,10584.944971
4031.570797,1685.410096,814.226536,9770.718434
4031.571112,1225.752797,148.041188,9474.636058
4031.571427,1149.143247,-666.185348,8882.471304
4031.571742,612.876398,-666.185348,8956.491898
4031.572057,0.000000,-1628.453072,8512.368333
4031.572373,-229.828649,-1628.453072,8586.388927
4031.572688,-766.095498,-1554.432478,8882.471304
4031.573003,-1149.143247,-1554.432478,8142.265362
4031.573318,-1225.752797,-1036.288319,8808.450710
4031.573633,-1225.752797,-592.164754,9400.615463
4031.573948,-1225.752797,-0.000000,9548.656652
4031.574264,-1225.752797,518.144159,9696.697840
4031.574579,-766.095498,666.185348,10807.006753
4031.574894,0.000000,1184.329507,11029.068536
4031.575209,306.438199,1258.350101,10510.924376
4031.575524,383.047749,1110.308913,10732.986159
4031.575840,766.095498,1332.370696,10955.047942
4031.576155,1225.752797,1036.288319,10436.903782
4031.576470,1762.019645,1036.288319,9844.739029
4031.576785,1608.800546,444.123565,9474.636058
4031.577100,995.924147,-74.020594,9104.533087
4031.577416,842.705048,-518.144159,8512.368333
4031.577731,76.609550,-1036.288319,8290.306550
4031.578046,-306.438199,-1184.329507,8290.306550
4031.578361,-766.095498,-1480.411884,8512.368333
4031.578676,-995.924147,-1110.308913,8290.306550
4031.578991,-1149.143247,-814.226536,8364.327145
4031.579307,-1302.362347,-444.123565,9178.553681
4031.579622,-1302.362347,-0.000000,9770.718434
4031.579937,-842.705048,740.205942,10214.842000
4031.580252,-536.266849,888.247130,10955.047942
4031.580567,0.000000,962.267725,10807.006753
4031.580883,919.314598,1406.391290,10955.047942
4031.581198,995.924147,2072.576638,11547.212695
4031.581513,1532.190996,2220.617826,10584.944971
4031.581828,1608.800546,1850.514855,10288.862594
4031.582143,2298.286494,1776.494261,9844.739029
4031.582458,1991.848295,1036.288319,9178.553681
4031.582774,1685.410096,296.082377,8512.368333
4031.583089,1225.752797,-296.082377,8512.368333
4031.583404,383.047749,-962.267725,8808.450710
4031.583719,-306.438199,-1258.350101,8512.368333
4031.584034,-995.924147,-1332.370696,8734.430116
4031.584350,-1378.971896,-1332.370696,8882.471304
4031.584665,-1378.971896,-888.247130,9400.615463
4031.584980,-1532.190996,-444.123565,9474.636058
4031.585295,-1455.581446,518.144159,9770.718434
4031.585610,-1302.362347,962.267725,10436.903782
4031.585926,-612.876398,1554.432478,10510.924376
4031.586241,0.000000,1850.514855,10658.965565
4031.586556,1455.581446,2146.597232,10658.965565
4031.586871,689.485948,2368.659014,10881.027347
4031.587186,919.314598,2220.617826,10658.965565
4031.587501,1455.581446,1850.514855,10214.842000
4031.587817,1685.410096,1184.329507,9844.739029
4031.588132,1072.533697,-0.000000,9548.656652
4031.588447,842.705048,-74.020594,9104.533087
4031.588762,153.219100,-518.144159,8734.430116
4031.589077,0.000000,-1480.411884,8660.409521
4031.589393,-536.266849,-1406.391290,8216.285956
4031.589708,-919.314598,-1480.411884,7920.203579
4031.590023,-995.924147,-1258.350101,8142.265362
4031.590338,-1225.752797,-888.247130,9178.553681
4031.590653,-1378.971896,-518.144159,9548.656652
4031.590968,-919.314598,-148.041188,10214.842000
4031.591284,-1072.533697,444.123565,10214.842000
4031.591599,-689.485948,1110.308913,10584.944971
4031.591914,229.828649,1332.370696,11029.068536
4031.592229,842.705048,1702.473667,10881.027347
4031.592544,1302.362347,1332.370696,11029.068536
4031.592860,842.705048,1554.432478,10436.903782
4031.593175,1149.143247,1406.391290,10066.800811
4031.593490,1532.190996,740.205942,9400.615463
4031.593805,1225.752797,296.082377,9474.636058
4031.594120,612.876398,-666.185348,9696.697840
4031.594436,229.828649,-1184.329507,8956.491898
4031.594751,-306.438199,-1924.535449,8660.409521
4031.595066,-536.266849,-2072.576638,8956.491898
4031.595381,-1302.362347,-1628.453072,8512.368333
4031.595696,-842.705048,-1554.432478,8438.347739
4031.596011,-919.314598,-1480.411884,9252.574275
4031.596327,-612.876398,-518.144159,9252.574275
4031.596642,-536.266849,-0.000000,9474.636058
4031.596957,-689.485948,666.185348,9548.656652
4031.597272,0.000000,962.267725,10362.883188
4031.597587,306.438199,1258.350101,10584.944971
4031.597903,1072.533697,1628.453072,10510.924376
4031.598218,1455.581446,1554.432478,10658.965565
4031.598533,1455.581446,1184.329507,10510.924376
4031.598848,1838.629195,1036.288319,10140.821405
4031.599163,1915.238745,370.102971,9918.759623
4031.599478,1608.800546,-0.000000,9400.615463
4031.599794,1225.752797,-666.185348,8734.430116
4031.600109,995.924147,-1036.288319,8142.265362
4031.600424,612.876398,-1332.370696,8142.265362
4031.600739,0.000000,-1332.370696,8364.327145
4031.601054,-229.828649,-1480.411884,8216.285956
4031.601370,-459.657299,-1406.391290,8586.388927
4031.601685,-995.924147,-814.226536,9252.574275
4031.602000,-1072.533697,-444.123565,9400.615463
4031.602315,-995.924147,-222.061783,9696.697840
4031.602630,-536.266849,518.144159,10510.924376
4031.602946,-229.828649,962.267725,10881.027347
4031.603261,383.047749,1036.288319,10881.027347
4031.603576,383.047749,1554.432478,10658.965565
4031.603891,766.095498,1702.473667,10955.047942
4031.604206,919.314598,1628.453072,10510.924376
4031.604521,1302.362347,1702.473667,10436.903782
4031.604837,1455.581446,1110.308913,10362.883188
4031.605152,1532.190996,222.061783,9548.656652
4031.605467,1149.143247,-222.061783,9104.533087
4031.605782,536.266849,-1110.308913,9474.636058
4031.606097,153.219100,-1628.453072,9178.553681
4031.606413,0.000000,-1480.411884,8882.471304
4031.606728,0.000000,-1480.411884,9178.553681
4031.607043,0.000000,-1554.432478,9030.512492
4031.607358,0.000000,-1554.432478,9252.574275
4031.607673,0.000000,-666.185348,9252.574275
4031.607989,0.000000,-74.020594,9548.656652
4031.608304,229.828649,-0.000000,10140.821405
4031.608619,536.266849,592.164754,10510.924376
4031.608934,1302.362347,814.226536,10214.842000
4031.609249,1685.410096,740.205942,10436.903782
4031.609565,1532.190996,814.226536,10881.027347
4031.609880,1915.238745,444.123565,10658.965565
4031.610195,1685.410096,-0.000000,10807.006753
4031.610510,2145.067394,-518.144159,10066.800811
4031.610825,2374.896044,-1036.288319,9918.759623
4031.611141,2604.724693,-1628.453072,9696.697840
4031.611456,1915.238745,-1998.556043,9178.553681
4031.611771,1532.190996,-2368.659014,9400.615463
4031.612086,1455.581446,-2294.638420,9770.718434
4031.612401,1455.581446,-2590.720797,9252.574275
4031.612717,1915.238745,-1998.556043,8808.450710
4031.613032,2374.896044,-1480.411884,8882.471304
4031.613347,2298.286494,-1924.535449,9326.594869
4031.613662,2451.505594,-1554.432478,9178.553681
4031.613977,2528.115143,-1702.473667,9622.677246
4031.614293,2374.896044,-1850.514855,9474.636058
4031.614608,2604.724693,-1850.514855,9844.739029
4031.614923,2528.115143,-1554.432478,9474.636058
4031.615238,2298.286494,-1850.514855,9400.615463
4031.615553,2145.067394,-1702.473667,9622.677246
4031.615869,1685.410096,-1628.453072,9548.656652
4031.616184,1532.190996,-1850.514855,9252.574275
4031.616499,995.924147,-2072.576638,9622.677246
4031.616814,995.924147,-2442.679609,9474.636058
4031.617129,919.314598,-2886.803174,9474.636058
4031.617445,842.705048,-3182.885551,9770.718434
4031.617760,612.876398,-3552.988522,9918.759623
4031.618075,689.485948,-2960.823768,9918.759623
4031.618390,1378.971896,-2960.823768,9696.697840
4031.618705,2068.457845,-2664.741391,9474.636058
4031.619021,2911.162892,-2442.679609,9252.574275
4031.619336,3140.991542,-2368.659014,9104.533087
4031.619651,3677.258390,-2294.638420,8660.409521
4031.619966,3983.696590,-1554.432478,8586.388927
4031.620281,3983.696590,-1776.494261,7920.203579
4031.620597,4060.306139,-1628.453072,7920.203579
4031.620912,3600.648841,-1924.535449,9030.512492
4031.621227,3064.381992,-2146.597232,8734.430116
4031.621542,2221.676944,-2590.720797,9104.533087
4031.621857,1532.190996,-2960.823768,9918.759623
4031.622173,1455.581446,-3182.885551,10436.903782
4031.622488,1302.362347,-3108.864956,10658.965565
4031.622803,995.924147,-3108.864956,10362.883188
4031.623118,1685.410096,-2960.823768,10881.027347
4031.623433,2145.067394,-2590.720797,10214.842000
4031.623749,2221.676944,-1258.350101,9770.718434
4031.624064,3140.991542,-1110.308913,9548.656652
4031.624379,3064.381992,-518.144159,9178.553681
4031.624694,3294.210641,-592.164754,8956.491898
4031.625009,2757.943793,-888.247130,8956.491898
4031.625325,2681.334243,-1702.473667,9178.553681
4031.625640,2145.067394,-1998.556043,9474.636058
4031.625955,1455.581446,-2368.659014,9918.759623
4031.626270,919.314598,-2368.659014,10362.883188
4031.626585,536.266849,-2442.679609,10140.821405
4031.626901,459.657299,-2368.659014,9918.759623
4031.627216,536.266849,-1998.556043,9474.636058
4031.627531,76.609550,-1628.453072,9770.718434
4031.627846,306.438199,-1554.432478,9474.636058
4031.628161,306.438199,-1258.350101,9622.677246
4031.628477,306.438199,-740.205942,9844.739029
4031.628792,383.047749,-814.226536,9918.759623
4031.629107,229.828649,-592.164754,9992.780217
4031.629422,689.485948,-666.185348,10362.883188
4031.629737,1149.143247,-592.164754,10288.862594
4031.630053,1225.752797,-518.144159,9844.739029
4031.630368,1072.533697,-888.247130,9548.656652
4031.630683,1378.971896,-518.144159,9548.656652
4031.630998,1302.362347,-370.102971,8808.450710
4031.631313,1838.629195,-444.123565,8364.327145
4031.631629,1149.143247,-444.123565,9030.512492
4031.631944,1072.533697,-1110.308913,9400.615463
4031.632259,919.314598,-1184.329507,9622.677246
4031.632574,1149.143247,-2072.576638,9770.718434
4031.632889,1608.800546,-2146.597232,10214.842000
4031.633205,2374.896044,-1406.391290,10510.924376
4031.633520,3217.601092,-1406.391290,10214.842000
4031.633835,3677.258390,-1332.370696,10066.800811
4031.634150,4519.963438,-222.061783,9770.718434
4031.634465,4596.572988,296.082377,9178.553681
4031.634781,4903.011187,296.082377,8808.450710
4031.635096,4979.620737,-0.000000,9326.594869
4031.635411,4596.572988,-888.247130,9548.656652
4031.635726,4290.134789,-1850.514855,9622.677246
4031.636041,3907.087040,-3256.906145,10436.903782
4031.636357,3600.648841,-3701.029710,11399.171507
4031.636672,3753.867940,-4071.132681,11325.150913
4031.636987,3677.258390,-4071.132681,11103.089130
4031.637302,3753.867940,-3701.029710,10510.924376
4031.637617,4213.525239,-3182.885551,10066.800811
4031.637933,4596.572988,-2442.679609,9400.615463
4031.638248,4749.792088,-2368.659014,9030.512492
4031.638563,4673.182538,-2220.617826,8808.450710
4031.638878,3753.867940,-2590.720797,8734.430116
4031.639193,4213.525239,-2664.741391,9178.553681
4031.639509,3753.867940,-2886.803174,9030.512492
4031.639824,2757.943793,-2960.823768,8734.430116
4031.640139,2298.286494,-3552.988522,9178.553681
4031.640454,1991.848295,-3182.885551,9252.574275
4031.640769,689.485948,-3108.864956,9252.574275
4031.641085,-229.828649,-2960.823768,8660.409521
4031.641400,-612.876398,-2738.761985,9104.533087
4031.641715,-1149.143247,-2516.700203,8586.388927
4031.642030,-1378.971896,-2368.659014,8956.491898
4031.642346,-1302.362347,-2590.720797,9178.553681
4031.642661,-1915.238745,-2590.720797,9844.739029
4031.642976,-1532.190996,-2146.597232,9474.636058
4031.643291,-1302.362347,-2442.679609,9770.718434
4031.643606,-612.876398,-1776.494261,9252.574275
4031.643922,229.828649,-1184.329507,9622.677246
4031.644237,306.438199,-444.123565,9474.636058
4031.644552,612.876398,-740.205942,8808.450710
4031.644867,536.266849,-148.041188,8438.347739
4031.645182,459.657299,444.123565,8068.244768
4031.645498,153.219100,-0.000000,7920.203579
4031.645813,-766.095498,-296.082377,8438.347739
4031.646128,-1455.581446,-962.267725,8364.327145
4031.646443,-1991.848295,-1480.411884,8512.368333
4031.646758,-2451.505594,-1406.391290,8956.491898
4031.647074,-3294.210641,-1184.329507,9992.780217
4031.647389,-3140.991542,-1332.370696,10288.862594
4031.647704,-2757.943793,-444.123565,9918.759623
4031.648019,-2604.724693,-296.082377,10288.862594
4031.648334,-2068.457845,814.226536,10362.883188
4031.648650,-1302.362347,1184.329507,10584.944971
4031.648965,-383.047749,2368.659014,10510.924376
4031.649280,459.657299,2220.617826,10584.944971
4031.649595,1072.533697,2664.741391,10288.862594
4031.649910,1991.848295,3182.885551,10584.944971
4031.650226,1991.848295,2812.782580,10436.903782
4031.650541,2145.067394,2664.741391,10584.944971
4031.650856,1762.019645,2368.659014,10214.842000
4031.651171,1991.848295,1850.514855,10362.883188
4031.651486,2221.676944,1184.329507,10140.821405
4031.651802,1225.752797,814.226536,10214.842000
4031.652117,1072.533697,592.164754,9918.759623
4031.652432,995.924147,518.144159,9548.656652
4031.652747,612.876398,814.226536,9474.636058
4031.653062,612.876398,1628.453072,9252.574275
4031.653378,536.266849,1850.514855,9770.718434
4031.653693,689.485948,2442.679609,9918.759623
4031.654008,689.485948,2664.741391,9992.780217
4031.654323,1302.362347,2516.700203,10436.903782
4031.654638,1225.752797,3108.864956,11103.089130
4031.654954,1608.800546,2886.803174,11473.192101
4031.655269,2298.286494,2738.761985,11325.150913
4031.655584,2451.505594,2590.720797,11103.089130
4031.655899,2604.724693,2516.700203,10584.944971
4031.656214,2451.505594,2294.638420,10066.800811
4031.656530,2528.115143,2220.617826,9622.677246
4031.656845,2145.067394,1554.432478,8882.471304
4031.657160,1532.190996,814.226536,8216.285956
4031.657475,383.047749,370.102971,7846.182985
4031.657790,-306.438199,-370.102971,8290.306550
4031.658106,-842.705048,-740.205942,8734.430116
4031.658421,-1302.362347,-1110.308913,8808.450710
4031.658736,-1915.238745,-1406.391290,9030.512492
4031.659051,-1991.848295,-1332.370696,9474.636058
4031.659366,-1762.019645,-666.185348,10066.800811
4031.659682,-919.314598,-296.082377,10436.903782
4031.659997,-995.924147,148.041188,10288.862594
4031.660312,-306.438199,444.123565,9622.677246
4031.660627,-229.828649,518.144159,9992.780217
4031.660942,229.828649,592.164754,9992.780217
4031.661258,0.000000,370.102971,9918.759623
4031.661573,229.828649,222.061783,9178.553681
4031.661888,383.047749,-74.020594,9474.636058
4031.662203,0.000000,-740.205942,9400.615463
4031.662518,0.000000,-1406.391290,9178.553681
4031.662834,-1149.143247,-2072.576638,8882.471304
4031.663149,-1608.800546,-2516.700203,8882.471304
4031.663464,-2298.286494,-2812.782580,9326.594869
4031.663779,-1991.848295,-3034.844362,8808.450710
4031.664094,-2068.457845,-2812.782580,8956.491898
4031.664410,-2374.896044,-2368.659014,8882.471304
4031.664725,-2451.505594,-2146.597232,9030.512492
4031.665040,-1991.848295,-1554.432478,9474.636058
4031.665355,-1225.752797,-666.185348,9622.677246
4031.665670,-842.705048,-370.102971,9474.636058
4031.665986,-306.438199,-148.041188,9326.594869
4031.666301,0.000000,-148.041188,9992.780217
4031.666616,536.266849,-0.000000,10658.965565
4031.666931,842.705048,-370.102971,10732.986159
4031.667246,919.314598,-444.123565,10214.842000
4031.667562,1378.971896,-444.123565,9844.739029
4031.667877,1915.238745,-592.164754,9474.636058
4031.668192,1608.800546,-1110.308913,9030.512492
4031.668507,689.485948,-740.205942,8216.285956
4031.668822,383.047749,-1110.308913,8882.471304
4031.669138,0.000000,-1406.391290,8808.450710
4031.669453,536.266849,-1628.453072,8882.471304
4031.669768,0.000000,-1258.350101,8660.409521
4031.670083,-459.657299,-1258.350101,8882.471304
4031.670398,-536.266849,-888.247130,9770.718434
4031.670714,-459.657299,-666.185348,10140.821405
4031.671029,229.828649,-0.000000,9918.759623
4031.671344,536.266849,518.144159,10066.800811
4031.671659,1302.362347,1554.432478,10066.800811
4031.671974,1762.019645,1628.453072,10732.986159
4031.672290,2068.457845,1702.473667,10510.924376
4031.672605,2604.724693,1480.411884,10362.883188
4031.672920,2221.676944,1776.494261,10288.862594
4031.673235,2374.896044,1776.494261,9622.677246
4031.673550,2374.896044,1332.370696,9178.553681
4031.673866,2451.505594,592.164754,9400.615463
4031.674181,1532.190996,222.061783,9104.533087
4031.674496,459.657299,444.123565,8438.347739
4031.674811,0.000000,-296.082377,8734.430116
4031.675126,0.000000,-296.082377,9178.553681
4031.675442,-612.876398,148.041188,8734.430116
4031.675757,-689.485948,-0.000000,9030.512492
4031.676072,-842.705048,740.205942,9992.780217
4031.676387,-766.095498,1332.370696,10066.800811
4031.676702,-459.657299,1850.514855,9992.780217
4031.677018,-229.828649,2368.659014,10214.842000
4031.677333,0.000000,2812.782580,10214.842000
4031.677648,612.876398,2738.761985,10436.903782
4031.677963,689.485948,2368.659014,10955.047942
4031.678278,689.485948,2220.617826,10955.047942
4031.678594,766.095498,2072.576638,10362.883188
4031.678909,612.876398,1406.391290,9844.739029
4031.679224,766.095498,1480.411884,9548.656652
4031.679539,536.266849,962.267725,9474.636058
4031.679854,153.219100,370.102971,8808.450710
4031.680170,-459.657299,444.123565,8660.409521
4031.680485,-766.095498,296.082377,9400.615463
4031.680800,-1608.800546,296.082377,8660.409521
4031.681115,-1915.238745,-0.000000,8956.491898
4031.681430,-2374.896044,-74.020594,9400.615463
4031.681746,-2298.286494,222.061783,9548.656652
4031.682061,-2068.457845,370.102971,10066.800811
4031.682376,-1149.143247,1184.329507,10732.986159
4031.682691,-536.266849,1480.411884,10881.027347
4031.683006,-459.657299,1850.514855,10732.986159
4031.683322,0.000000,1850.514855,10584.944971
4031.683637,612.876398,1480.411884,10658.965565
4031.683952,1072.533697,1554.432478,10362.883188
4031.684267,1149.143247,1258.350101,9770.718434
4031.684582,1072.533697,666.185348,9548.656652
4031.684898,1378.971896,-148.041188,9696.697840
4031.685213,766.095498,-518.144159,8808.450710
4031.685528,229.828649,-1480.411884,8586.388927
4031.685843,-536.266849,-1554.432478,9326.594869
4031.686158,-612.876398,-1850.514855,9252.574275
4031.686474,-689.485948,-2368.659014,8734.430116
4031.686789,-766.095498,-1776.494261,9400.615463
4031.687104,-689.485948,-1480.411884,9400.615463
4031.687419,-1225.752797,-1036.288319,9400.615463
4031.687734,-459.657299,-518.144159,9622.677246
4031.688050,0.000000,-74.020594,10362.883188
4031.688365,995.924147,518.144159,10066.800811
4031.688680,842.705048,296.082377,10436.903782
4031.688995,1072.533697,222.061783,10288.862594
4031.689310,1149.143247,-222.061783,10362.883188
4031.689626,1608.800546,-74.020594,10732.986159
4031.689941,1762.019645,-0.000000,10214.842000
4031.690256,1838.629195,-888.247130,10066.800811
4031.690571,1915.238745,-1184.329507,9178.553681
4031.690886,1685.410096,-1332.370696,8660.409521
4031.691202,842.705048,-1850.514855,8882.471304
4031.691517,0.000000,-2072.576638,8882.471304
4031.691832,0.000000,-1924.535449,8512.368333
4031.692147,-229.828649,-1850.514855,8586.388927
4031.692462,-229.828649,-1850.514855,7920.203579
4031.692778,-919.314598,-1480.411884,8364.327145
4031.693093,-689.485948,-1258.350101,8734.430116
4031.693408,-459.657299,-1480.411884,9770.718434
4031.693723,-689.485948,-1036.288319,9918.759623
4031.694038,0.000000,-296.082377,9918.759623
4031.694354,76.609550,740.205942,9844.739029
4031.694669,383.047749,-148.041188,10066.800811
4031.694984,536.266849,296.082377,10362.883188
4031.695299,1072.533697,296.082377,10288.862594
4031.695615,995.924147,296.082377,9696.697840
4031.695930,1762.019645,-0.000000,9030.512492
4031.696245,1302.362347,-296.082377,9030.512492
4031.696560,1149.143247,-370.102971,8808.450710
4031.696875,306.438199,-666.185348,8734.430116
4031.697191,-459.657299,-814.226536,8364.327145
4031.697506,-766.095498,-1110.308913,8586.388927
4031.697821,-1072.533697,-1184.329507,8660.409521
4031.698136,-1532.190996,-888.247130,9030.512492
4031.698451,-1991.848295,-296.082377,9104.533087
4031.698767,-2221.676944,-0.000000,9696.697840
4031.699082,-1762.019645,444.123565,10140.821405
4031.699397,-1225.752797,1110.308913,10881.027347
4031.699712,-612.876398,1924.535449,10066.800811
4031.700027,-383.047749,2368.659014,9992.780217
4031.700343,76.609550,2664.741391,10510.924376
4031.700658,459.657299,2146.597232,10955.047942
4031.700973,995.924147,2590.720797,10955.047942
4031.701288,1225.752797,2368.659014,10214.842000
4031.701603,995.924147,2442.679609,9548.656652
4031.701919,1915.238745,1628.453072,9770.718434
4031.702234,1225.752797,1258.350101,9474.636058
4031.702549,153.219100,888.247130,9252.574275
4031.702864,-612.876398,592.164754,9104.533087
4031.703179,-689.485948,444.123565,9326.594869
4031.703495,-842.705048,74.020594,9178.553681
4031.703810,-1225.752797,666.185348,9178.553681
4031.704125,-1608.800546,592.164754,9622.677246
4031.704440,-1762.019645,888.247130,10214.842000
4031.704755,-1302.362347,1776.494261,10658.965565
4031.705071,-536.266849,2294.638420,11029.068536
4031.705386,0.000000,2146.597232,10807.006753
4031.705701,459.657299,2442.679609,10881.027347
4031.706016,1225.752797,2294.638420,11251.130318
4031.706331,1838.629195,2368.659014,10881.027347
4031.706647,1991.848295,1776.494261,10362.883188
4031.706962,1762.019645,2072.576638,9770.718434
4031.707277,2145.067394,1258.350101,9326.594869
4031.707592,1685.410096,518.144159,8882.471304
4031.707907,1455.581446,-0.000000,8586.388927
4031.708222,612.876398,-666.185348,8660.409521
4031.708537,-383.047749,-1036.288319,9326.594869
4031.708853,-842.705048,-1332.370696,9104.533087
4031.709168,-766.095498,-1406.391290,9030.512492
4031.709483,-689.485948,-1554.432478,9326.594869
4031.709798,-1149.143247,-1110.308913,9474.636058
4031.710113,-1149.143247,-444.123565,9696.697840
4031.710428,-459.657299,148.041188,9696.697840
4031.710744,0.000000,888.247130,9770.718434
4031.711059,0.000000,962.267725,9844.739029
4031.711374,842.705048,1850.514855,9918.759623
4031.711689,689.485948,1258.350101,10140.821405
4031.712004,766.095498,814.226536,10140.821405
4031.712319,1149.143247,592.164754,9770.718434
4031.712634,1072.533697,-296.082377,9400.615463
4031.712950,1072.533697,-740.205942,9622.677246
4031.713265,842.705048,-1332.370696,9400.615463
4031.713580,536.266849,-1776.494261,9104.533087
4031.713895,0.000000,-1850.514855,8512.368333
4031.714210,-766.095498,-1850.514855,8512.368333
4031.714525,-459.657299,-1924.535449,8364.327145
4031.714841,-459.657299,-1702.473667,8290.306550
4031.715156,-689.485948,-1332.370696,8660.409521
4031.715471,-1072.533697,-1702.473667,8586.388927
4031.715786,-1608.800546,-888.247130,9474.636058
4031.716101,-842.705048,-370.102971,10288.862594
4031.716416,-459.657299,-222.061783,10584.944971
4031.716731,76.609550,222.061783,10362.883188
4031.717047,0.000000,-0.000000,10510.924376
4031.717362,612.876398,148.041188,10658.965565
4031.717677,612.876398,-0.000000,11029.068536
4031.717992,766.095498,-0.000000,10510.924376
4031.718307,766.095498,-0.000000,9992.780217
4031.718622,1532.190996,-592.164754,9844.739029
4031.718937,1378.971896,-740.205942,9104.533087
4031.719253,689.485948,-1036.288319,9104.533087
4031.719568,153.219100,-1332.370696,8586.388927
4031.719883,-306.438199,-1702.473667,9030.512492
4031.720198,-229.828649,-1480.411884,8734.430116
4031.720513,-153.219100,-1184.329507,8808.450710
4031.720828,-689.485948,-1110.308913,9252.574275
4031.721144,-1225.752797,-1036.288319,9474.636058
4031.721459,-1532.190996,-370.102971,10066.800811
4031.721774,-612.876398,-148.041188,10288.862594
4031.722089,-536.266849,518.144159,10436.903782
4031.722404,0.000000,666.185348,10436.903782
4031.722719,153.219100,1776.494261,10362.883188
4031.723034,689.485948,1850.514855,10584.944971
4031.723350,842.705048,1702.473667,10658.965565
4031.723665,919.314598,1628.453072,10436.903782
4031.723980,1608.800546,1332.370696,9844.739029
4031.724295,1608.800546,814.226536,9622.677246
4031.724610,1608.800546,888.247130,9474.636058
4031.724925,1762.019645,296.082377,8808.450710
4031.725241,1072.533697,-222.061783,8364.327145
4031.725556,-153.219100,-370.102971,8586.388927
4031.725871,-383.047749,-222.061783,8438.347739
4031.726186,-459.657299,-0.000000,8142.265362
4031.726501,-689.485948,-0.000000,8660.409521
4031.726816,-1378.971896,-0.000000,9104.533087
4031.727131,-1455.581446,518.144159,9696.697840
4031.727447,-1225.752797,740.205942,10288.862594
4031.727762,-919.314598,962.267725,10732.986159
4031.728077,0.000000,1258.350101,10214.842000
4031.728392,306.438199,2072.576638,10881.027347
4031.728707,766.095498,2146.597232,10732.986159
4031.729022,1149.143247,2072.576638,10584.944971
4031.729337,1225.752797,2294.638420,9992.780217
4031.729653,1608.800546,2072.576638,9474.636058
4031.729968,1991.848295,1776.494261,9252.574275
4031.730283,1915.238745,1036.288319,8882.471304
4031.730598,1072.533697,444.123565,8808.450710
4031.730913,76.609550,-0.000000,8512.368333
4031.731228,-919.314598,-518.144159,9252.574275
4031.731544,-995.924147,-814.226536,9770.718434
4031.731859,-1455.581446,-740.205942,9400.615463
4031.732174,-1608.800546,-888.247130,9696.697840
4031.732489,-1532.190996,-296.082377,9918.759623
4031.732804,-1608.800546,-0.000000,10066.800811
4031.733119,-1072.533697,740.205942,10436.903782
4031.733434,-536.266849,1850.514855,10807.006753
4031.733750,0.000000,2146.597232,10436.903782
4031.734065,842.705048,2590.720797,10658.965565
4031.734380,1149.143247,2368.659014,10658.965565
4031.734695,919.314598,2146.597232,10584.944971
4031.735010,995.924147,1480.411884,10066.800811
4031.735325,1302.362347,814.226536,9696.697840
4031.735640,1608.800546,-0.000000,9992.780217
4031.735956,1225.752797,-444.123565,9178.553681
4031.736271,536.266849,-962.267725,9104.533087
4031.736586,-153.219100,-1480.411884,8586.388927
4031.736901,-1072.533697,-1554.432478,8364.327145
4031.737216,-1302.362347,-1480.411884,8808.450710
4031.737531,-995.924147,-1628.453072,8734.430116
4031.737847,-1072.533697,-1184.329507,8956.491898
4031.738162,-1149.143247,-666.185348,9030.512492
4031.738477,-1072.533697,-666.185348,9326.594869
4031.738792,0.000000,-74.020594,9548.656652
4031.739107,-383.047749,296.082377,10658.965565
4031.739422,0.000000,814.226536,10288.862594
4031.739737,612.876398,518.144159,10362.883188
4031.740053,995.924147,888.247130,10584.944971
4031.740368,1302.362347,-0.000000,10510.924376
4031.740683,1532.190996,296.082377,10510.924376
4031.740998,1532.190996,-0.000000,9844.739029
4031.741313,1455.581446,-740.205942,9474.636058
4031.741628,1225.752797,-888.247130,8808.450710
4031.741944,919.314598,-1332.370696,8142.265362
4031.742259,0.000000,-1998.556043,9030.512492
4031.742574,-153.219100,-1998.556043,8734.430116
4031.742889,0.000000,-2368.659014,8586.388927
4031.743204,-229.828649,-1332.370696,8734.430116
4031.743519,-766.095498,-962.267725,9326.594869
4031.743834,-1225.752797,-1184.329507,9400.615463
4031.744150,-842.705048,-888.247130,9326.594869
4031.744465,-229.828649,-370.102971,9918.759623
4031.744780,0.000000,-0.000000,9696.697840
4031.745095,306.438199,666.185348,10066.800811
4031.745410,459.657299,740.205942,9992.780217
4031.745725,536.266849,518.144159,10140.821405
4031.746040,766.095498,1184.329507,10658.965565
4031.746356,1149.143247,666.185348,10214.842000
4031.746671,1455.581446,592.164754,9770.718434
4031.746986,1762.019645,-0.000000,9474.636058
4031.747301,1149.143247,-518.144159,9178.553681
4031.747616,919.314598,-814.226536,9030.512492
4031.747931,383.047749,-814.226536,8512.368333
4031.748247,0.000000,-888.247130,8512.368333
4031.748562,-383.047749,-888.247130,8586.388927
4031.748877,-383.047749,-518.144159,8290.306550
4031.749192,-766.095498,-592.164754,8438.347739
4031.749507,-1225.752797,-0.000000,9104.533087
4031.749822,-1072.533697,-0.000000,9844.739029
4031.750137,-1378.971896,74.020594,9918.759623
4031.750453,-766.095498,814.226536,10732.986159
4031.750768,0.000000,1628.453072,10214.842000
4031.751083,0.000000,1332.370696,10881.027347
4031.751398,842.705048,2072.576638,11103.089130
4031.751713,612.876398,2072.576638,11103.089130
4031.752028,1149.143247,2146.597232,10510.924376
4031.752344,1225.752797,1998.556043,9992.780217
4031.752659,1532.190996,1628.453072,9548.656652
4031.752974,1532.190996,814.226536,9474.636058
4031.753289,842.705048,296.082377,9104.533087
4031.753604,0.000000,-0.000000,8956.491898
4031.753919,-536.266849,-296.082377,9030.512492
4031.754234,-766.095498,-370.102971,9252.574275
4031.754550,-1225.752797,-296.082377,9030.512492
4031.754865,-1608.800546,-444.123565,8956.491898
4031.755180,-1915.238745,-0.000000,10066.800811
4031.755495,-1378.971896,-0.000000,9992.780217
4031.755810,-1302.362347,814.226536,10510.924376
4031.756125,-612.876398,1702.473667,10732.986159
4031.756440,0.000000,1998.556043,10288.862594
4031.756756,229.828649,2146.597232,10584.944971
4031.757071,1072.533697,1628.453072,10658.965565
4031.757386,1532.190996,2146.597232,10732.986159
4031.757701,1455.581446,1702.473667,10140.821405
4031.758016,1455.581446,1554.432478,9622.677246
4031.758331,1532.190996,740.205942,9622.677246
4031.758647,1072.533697,-0.000000,9104.533087
4031.758962,766.095498,-444.123565,8734.430116
4031.759277,76.609550,-814.226536,8512.368333
4031.759592,-459.657299,-888.247130,8734.430116
4031.759907,-612.876398,-1332.370696,8512.368333
4031.760222,-1149.143247,-1036.288319,8808.450710
4031.760537,-1378.971896,-1036.288319,9178.553681
4031.760853,-1378.971896,-814.226536,9252.574275
4031.761168,-1149.143247,-222.061783,9696.697840
4031.761483,-536.266849,296.082377,9548.656652
4031.761798,0.000000,962.267725,10214.842000
4031.762113,383.047749,1554.432478,10214.842000
4031.762428,766.095498,1628.453072,10362.883188
4031.762743,1149.143247,1332.370696,10510.924376
4031.763059,1762.019645,1406.391290,9770.718434
4031.763374,1608.800546,1110.308913,9178.553681
4031.763689,1838.629195,592.164754,9474.636058
4031.764004,1455.581446,-222.061783,9474.636058
4031.764319,1685.410096,-1036.288319,8808.450710
4031.764634,689.485948,-1110.308913,8512.368333
4031.764950,0.000000,-1554.432478,8660.409521
4031.765265,-459.657299,-1776.494261,8808.450710
4031.765580,76.609550,-1850.514855,9030.512492
4031.765895,-842.705048,-1850.514855,8734.430116
4031.766210,-1378.971896,-1332.370696,9178.553681
4031.766525,-1532.190996,-666.185348,9326.594869
4031.766840,-995.924147,-296.082377,9844.739029
4031.767156,-536.266849,-0.000000,9992.780217
4031.767471,0.000000,222.061783,10584.944971
4031.767786,153.219100,888.247130,9992.780217
4031.768101,612.876398,814.226536,10732.986159
4031.768416,919.314598,1258.350101,10658.965565
4031.768731,995.924147,888.247130,10732.986159
4031.769047,1149.143247,592.164754,10584.944971
4031.769362,1072.533697,296.082377,9474.636058
4031.769677,1072.533697,-444.123565,9622.677246
4031.769992,1149.143247,-592.164754,9474.636058
4031.770307,536.266849,-1036.288319,8956.491898
4031.770622,0.000000,-1406.391290,8438.347739
4031.770937,-306.438199,-1258.350101,8660.409521
4031.771253,-229.828649,-1110.308913,9030.512492
4031.771568,-689.485948,-1036.288319,8734.430116
4031.771883,-919.314598,-888.247130,8956.491898
4031.772198,-842.705048,-1184.329507,8882.471304
4031.772513,-1072.533697,-222.061783,9474.636058
4031.772828,-229.828649,-0.000000,10066.800811
4031.773143,-612.876398,888.247130,10658.965565
4031.773459,153.219100,1258.350101,10510.924376
4031.773774,612.876398,1628.453072,10510.924376
4031.774089,919.314598,1850.514855,10214.842000
4031.774404,1149.143247,1332.370696,10658.965565
4031.774719,1455.581446,1702.473667,10584.944971
4031.775034,1762.019645,740.205942,9770.718434
4031.775350,1608.800546,296.082377,9474.636058
4031.775665,1455.581446,-74.020594,9030.512492
4031.775980,1225.752797,-0.000000,8734.430116
4031.776295,0.000000,-740.205942,8512.368333
4031.776610,0.000000,-1036.288319,8882.471304
4031.776925,-689.485948,-814.226536,8216.285956
4031.777240,-919.314598,-740.205942,8586.388927
4031.777556,-1149.143247,-370.102971,8956.491898
4031.777871,-1762.019645,-222.061783,9622.677246
4031.778186,-1532.190996,-0.000000,9844.739029
4031.778501,-766.095498,444.123565,10436.903782
4031.778816,-536.266849,518.144159,10584.944971
4031.779131,153.219100,1924.535449,10658.965565
4031.779447,76.609550,2146.597232,10658.965565
4031.779762,766.095498,1776.494261,10732.986159
4031.780077,919.314598,1850.514855,10510.924376
4031.780392,1532.190996,1850.514855,9992.780217
4031.780707,1455.581446,962.267725,9918.759623
4031.781022,1378.971896,666.185348,9326.594869
4031.781337,1378.971896,296.082377,9030.512492
4031.781653,1149.143247,-370.102971,8438.347739
4031.781968,-153.219100,-370.102971,8586.388927
4031.782283,-229.828649,-1036.288319,9474.636058
4031.782598,-842.705048,-1258.350101,8734.430116
4031.782913,-919.314598,-1110.308913,8734.430116
4031.783228,-1072.533697,-518.144159,8734.430116
4031.783543,-1378.971896,-370.102971,9548.656652
4031.783859,-1149.143247,222.061783,9918.759623
4031.784174,-766.095498,370.102971,10140.821405
4031.784489,-383.047749,1036.288319,10140.821405
4031.784804,229.828649,1924.535449,10140.821405
4031.785119,919.314598,2146.597232,10362.883188
4031.785434,1225.752797,1702.473667,10732.986159
4031.785750,1455.581446,1554.432478,10510.924376
4031.786065,1072.533697,1332.370696,10214.842000
4031.786380,1072.533697,814.226536,9474.636058
4031.786695,1455.581446,-0.000000,9622.677246
4031.787010,1225.752797,-0.000000,9400.615463
4031.787325,612.876398,-814.226536,8734.430116
4031.787640,76.609550,-814.226536,8512.368333
4031.787956,-766.095498,-1332.370696,8660.409521
4031.788271,-536.266849,-1184.329507,8586.388927
4031.788586,-1072.533697,-1258.350101,8808.450710
4031.788901,-1455.581446,-1036.288319,9178.553681
4031.789216,-842.705048,-814.226536,9474.636058
4031.789531,-919.314598,-148.041188,9992.780217
4031.789846,-536.266849,-0.000000,10140.821405
4031.790162,-383.047749,888.247130,10510.924376
4031.790477,306.438199,1480.411884,10362.883188
4031.790792,459.657299,1332.370696,10658.965565
4031.791107,995.924147,1258.350101,10510.924376
4031.791422,1378.971896,962.267725,10584.944971
4031.791737,1378.971896,1036.288319,9844.739029
4031.792053,1685.410096,370.102971,9030.512492
4031.792368,1838.629195,-370.102971,8882.471304
4031.792683,1608.800546,-740.205942,8956.491898
4031.792998,612.876398,-1184.329507,9030.512492
4031.793313,-306.438199,-1628.453072,8512.368333
4031.793628,-612.876398,-1998.556043,8512.368333
4031.793943,-766.095498,-1998.556043,8586.388927
4031.794259,-1149.143247,-1554.432478,8734.430116
4031.794574,-1072.533697,-1258.350101,9178.553681
4031.794889,-1608.800546,-888.247130,9474.636058
4031.795204,-919.314598,-370.102971,9622.677246
4031.795519,-842.705048,740.205942,10288.862594
4031.795834,0.000000,1258.350101,10288.862594
4031.796150,306.438199,1554.432478,10140.821405
4031.796465,459.657299,1332.370696,10510.924376
4031.796780,536.266849,1406.391290,10658.965565
4031.797095,919.314598,1110.308913,10362.883188
4031.797410,995.924147,1184.329507,10066.800811
4031.797725,1225.752797,444.123565,9992.780217
4031.798040,1225.752797,-0.000000,9474.636058
4031.798356,1072.533697,-148.041188,9104.533087
4031.798671,383.047749,-1036.288319,8512.368333
4031.798986,-383.047749,-1036.288319,8438.347739
4031.799301,-842.705048,-888.247130,8586.388927
4031.799616,-766.095498,-1184.329507,8660.409521
4031.799931,-689.485948,-1110.308913,9178.553681
4031.800246,-1302.362347,-888.247130,9030.512492
4031.800562,-1455.581446,-222.061783,9178.553681
4031.800877,-1378.971896,370.102971,9696.697840
4031.801192,-1072.533697,888.247130,10288.862594
4031.801507,-229.828649,1406.391290,10436.903782
4031.801822,76.609550,1850.514855,10510.924376
4031.802137,459.657299,1998.556043,10955.047942
4031.802453,1149.143247,1924.535449,11029.068536
4031.802768,1838.629195,1554.432478,10658.965565
4031.803083,1762.019645,1998.556043,10288.862594
4031.803398,1838.629195,962.267725,9548.656652
4031.803713,1838.629195,222.061783,9474.636058
4031.804028,1225.752797,-0.000000,9030.512492
4031.804343,229.828649,-592.164754,8290.306550
4031.804659,76.609550,-666.185348,8660.409521
4031.804974,-306.438199,-1036.288319,9030.512492
4031.805289,-229.828649,-1332.370696,9030.512492
4031.805604,-689.485948,-1184.329507,9030.512492
4031.805919,-842.705048,-814.226536,9178.553681
4031.806234,-995.924147,-0.000000,9622.677246
4031.806550,-612.876398,296.082377,9992.780217
4031.806865,-536.266849,1184.329507,10066.800811
4031.807180,153.219100,1110.308913,10288.862594
4031.807495,689.485948,1628.453072,10140.821405
4031.807810,689.485948,1924.535449,10658.965565
4031.808125,1149.143247,1702.473667,10807.006753
4031.808440,995.924147,1480.411884,10881.027347
4031.808755,1532.190996,1110.308913,10214.842000
4031.809071,1455.581446,518.144159,9918.759623
4031.809386,1685.410096,-0.000000,9844.739029
4031.809701,995.924147,-222.061783,9400.615463
4031.810016,153.219100,-592.164754,8882.471304
4031.810331,0.000000,-1110.308913,8216.285956
4031.810646,-689.485948,-1332.370696,8290.306550
4031.810961,-689.485948,-1036.288319,8438.347739
4031.811276,-1149.143247,-1036.288319,8438.347739
4031.811592,-1378.971896,-666.185348,9104.533087
4031.811907,-1685.410096,-518.144159,9696.697840
4031.812222,-1225.752797,-74.020594,9696.697840
4031.812537,-766.095498,-0.000000,10288.862594
4031.812852,-383.047749,666.185348,10436.903782
4031.813167,-229.828649,1702.473667,10288.862594
4031.813482,689.485948,1480.411884,10584.944971
4031.813797,1072.533697,1554.432478,10658.965565
4031.814112,995.924147,1184.329507,9992.780217
4031.814428,995.924147,962.267725,9770.718434
4031.814743,1072.533697,740.205942,9474.636058
4031.815058,1302.362347,-0.000000,9252.574275
4031.815373,1149.143247,-222.061783,8956.491898
4031.815688,383.047749,-962.267725,8586.388927
4031.816003,-612.876398,-1406.391290,8956.491898
4031.816318,-689.485948,-1776.494261,9030.512492
4031.816633,-842.705048,-1702.473667,8512.368333
4031.816948,-766.095498,-1406.391290,8734.430116
4031.817264,-1225.752797,-740.205942,9252.574275
4031.817579,-1149.143247,-444.123565,9474.636058
4031.817894,-1149.143247,148.041188,9622.677246
4031.818209,-612.876398,740.205942,10066.800811
4031.818524,-306.438199,1184.329507,10214.842000
4031.818839,153.219100,1554.432478,10436.903782
4031.819154,536.266849,1480.411884,10881.027347
4031.819469,842.705048,962.267725,10807.006753
4031.819785,995.924147,1110.308913,10510.924376
4031.820100,1225.752797,888.247130,10140.821405
4031.820415,1455.581446,444.123565,9918.759623
4031.820730,1608.800546,-0.000000,9770.718434
4031.821045,1532.190996,-370.102971,8808.450710
4031.821360,689.485948,-814.226536,8512.368333
4031.821675,0.000000,-814.226536,7994.224174
4031.821990,-459.657299,-592.164754,8586.388927
4031.822305,-612.876398,-962.267725,8734.430116
4031.822621,-689.485948,-1110.308913,8290.306550
4031.822936,-1149.143247,-814.226536,9030.512492
4031.823251,-1685.410096,-666.185348,9696.697840
4031.823566,-1225.752797,-74.020594,10436.903782
4031.823881,-383.047749,370.102971,10732.986159
4031.824196,-306.438199,1332.370696,10584.944971
4031.824511,306.438199,1924.535449,11029.068536
4031.824826,842.705048,1702.473667,10584.944971
4031.825142,1378.971896,1924.535449,10732.986159
4031.825457,995.924147,2146.597232,10436.903782
4031.825772,1455.581446,1776.494261,9104.533087
4031.826087,1991.848295,1110.308913,9622.677246
4031.826402,1378.971896,370.102971,9326.594869
4031.826717,1455.581446,-296.082377,8956.491898
4031.827032,612.876398,-962.267725,8660.409521
4031.827347,-689.485948,-1258.350101,8660.409521
4031.827662,-766.095498,-1406.391290,9252.574275
4031.827978,-995.924147,-1480.411884,9104.533087
4031.828293,-1225.752797,-1258.350101,9252.574275
4031.828608,-1455.581446,-962.267725,9474.636058
4031.828923,-1685.410096,-592.164754,9474.636058
4031.829238,-842.705048,370.102971,9918.759623
4031.829553,-383.047749,1258.350101,10510.924376
4031.829868,76.609550,1702.473667,10362.883188
4031.830183,766.095498,1998.556043,10288.862594
4031.830499,995.924147,2146.597232,10807.006753
4031.830814,1302.362347,1850.514855,10881.027347
4031.831129,1608.800546,1554.432478,10510.924376
4031.831444,1455.581446,1110.308913,10436.903782
4031.831759,1532.190996,444.123565,9696.697840
4031.832074,1685.410096,-814.226536,9104.533087
4031.832389,1072.533697,-666.185348,8734.430116
4031.832704,153.219100,-1258.350101,8364.327145
4031.833019,-383.047749,-1406.391290,9030.512492
4031.833335,-689.485948,-1702.473667,8438.347739
4031.833650,-842.705048,-1406.391290,8216.285956
4031.833965,-1225.752797,-888.247130,8512.368333
4031.834280,-1149.143247,-1036.288319,8956.491898
4031.834595,-1378.971896,-296.082377,9696.697840
4031.834910,-842.705048,-74.020594,9992.780217
4031.835225,-153.219100,592.164754,10436.903782
4031.835540,383.047749,1036.288319,10510.924376
4031.835855,383.047749,1702.473667,10288.862594
4031.836171,536.266849,1776.494261,10807.006753
4031.836486,995.924147,1332.370696,10510.924376
4031.836801,1225.752797,1258.350101,10066.800811
4031.837116,1072.533697,1110.308913,9622.677246
4031.837431,919.314598,444.123565,9622.677246
4031.837746,919.314598,-148.041188,9326.594869
4031.838061,766.095498,-1110.308913,8660.409521
4031.838376,0.000000,-1184.329507,8956.491898
4031.838692,-689.485948,-1184.329507,8734.430116
4031.839007,-689.485948,-1406.391290,9030.512492
4031.839322,-612.876398,-1332.370696,8586.388927
4031.839637,-766.095498,-1258.350101,8586.388927
4031.839952,-919.314598,-370.102971,9178.553681
4031.840267,-995.924147,-0.000000,9474.636058
4031.840582,-612.876398,444.123565,9918.759623
4031.840897,-229.828649,1110.308913,9696.697840
4031.841212,229.828649,1480.411884,10140.821405
4031.841528,459.657299,1702.473667,10510.924376
4031.841843,766.095498,1406.391290,10881.027347
4031.842158,766.095498,1184.329507,11177.109724
4031.842473,612.876398,740.205942,10955.047942
4031.842788,766.095498,370.102971,10214.842000
4031.843103,995.924147,296.082377,9548.656652
4031.843418,1302.362347,-148.041188,9400.615463
4031.843733,1225.752797,-518.144159,9104.533087
4031.844049,76.609550,-740.205942,8512.368333
4031.844364,-306.438199,-666.185348,8142.265362
4031.844679,0.000000,-370.102971,8290.306550
4031.844994,-383.047749,-962.267725,7994.224174
4031.845309,-842.705048,-592.164754,8734.430116
4031.845624,-1225.752797,-888.247130,9400.615463
4031.845939,-1149.143247,-222.061783,9918.759623
4031.846254,-842.705048,-0.000000,10362.883188
4031.846569,-766.095498,740.205942,10955.047942
4031.846885,-383.047749,1406.391290,10881.027347
4031.847200,536.266849,1776.494261,10807.006753
4031.847515,689.485948,1406.391290,10881.027347
4031.847830,1532.190996,1998.556043,10881.027347
4031.848145,1762.019645,1702.473667,10214.842000
4031.848460,1608.800546,1480.411884,9474.636058
4031.848775,1685.410096,666.185348,8956.491898
4031.849090,1838.629195,296.082377,9030.512492
4031.849405,1302.362347,-148.041188,8808.450710
4031.849721,536.266849,-592.164754,8438.347739
4031.850036,-459.657299,-814.226536,8660.409521
4031.850351,-612.876398,-1110.308913,8364.327145
4031.850666,-842.705048,-1110.308913,9030.512492
4031.850981,-1149.143247,-888.247130,9400.615463
4031.851296,-1378.971896,-888.247130,9696.697840
4031.851611,-1149.143247,222.061783,9844.739029
4031.851926,-1149.143247,518.144159,9770.718434
4031.852242,-612.876398,1258.350101,10214.842000
4031.852557,0.000000,1850.514855,10362.883188
4031.852872,153.219100,1480.411884,10362.883188
4031.853187,229.828649,1554.432478,10658.965565
4031.853502,459.657299,1258.350101,10881.027347
4031.853817,995.924147,1036.288319,10658.965565
4031.854132,1149.143247,888.247130,9770.718434
4031.854447,1225.752797,444.123565,9844.739029
4031.854762,1072.533697,-296.082377,9252.574275
4031.855078,689.485948,-296.082377,8808.450710
4031.855393,153.219100,-592.164754,7920.203579
4031.855708,-306.438199,-740.205942,8068.244768
4031.856023,-1225.752797,-740.205942,8734.430116
4031.856338,-1149.143247,-1332.370696,8364.327145
4031.856653,-1072.533697,-1184.329507,9030.512492
4031.856968,-1532.190996,-962.267725,9326.594869
4031.857283,-1532.190996,-444.123565,10214.842000
4031.857599,-1225.752797,-296.082377,10510.924376
4031.857914,-612.876398,592.164754,10732.986159
4031.858229,0.000000,1110.308913,10436.903782
4031.858544,612.876398,1406.391290,10510.924376
4031.858859,1378.971896,1702.473667,10584.944971
4031.859174,1991.848295,1702.473667,10288.862594
4031.859489,1685.410096,1776.494261,9622.677246
4031.859804,2068.457845,1258.350101,9474.636058
4031.860119,1685.410096,296.082377,8882.471304
4031.860435,1838.629195,-148.041188,9326.594869
4031.860750,766.095498,-888.247130,8882.471304
4031.861065,0.000000,-1554.432478,8438.347739
4031.861380,-536.266849,-1776.494261,9104.533087
4031.861695,-995.924147,-1702.473667,9030.512492
4031.862010,-1149.143247,-1924.535449,8956.491898
4031.862325,-1378.971896,-1184.329507,9400.615463
4031.862640,-1225.752797,-444.123565,9178.553681
4031.862956,-689.485948,-0.000000,9474.636058
4031.863271,-612.876398,740.205942,9770.718434
4031.863586,306.438199,1332.370696,10436.903782
4031.863901,459.657299,1776.494261,10732.986159
4031.864216,536.266849,1702.473667,10362.883188
4031.864531,842.705048,1776.494261,10732.986159
4031.864846,1225.752797,1628.453072,10807.006753
4031.865161,1149.143247,666.185348,10807.006753
4031.865476,1608.800546,-0.000000,10510.924376
4031.865792,1455.581446,-74.020594,9474.636058
4031.866107,1225.752797,-222.061783,8808.450710
4031.866422,1225.752797,-666.185348,8290.306550
4031.866737,383.047749,-888.247130,8142.265362
4031.867052,-383.047749,-1036.288319,8438.347739
4031.867367,-383.047749,-1110.308913,7920.203579
4031.867682,-766.095498,-888.247130,8290.306550
4031.867997,-1072.533697,-666.185348,8734.430116
4031.868312,-1685.410096,-1184.329507,9770.718434
4031.868628,-1378.971896,-740.205942,9918.759623
4031.868943,-919.314598,-296.082377,10436.903782
4031.869258,-612.876398,222.061783,10658.965565
4031.869573,0.000000,1332.370696,10807.006753
4031.869888,306.438199,1628.453072,10732.986159
4031.870203,1149.143247,1850.514855,10584.944971
4031.870518,1302.362347,1776.494261,10066.800811
4031.870833,1302.362347,1776.494261,9918.759623
4031.871149,1532.190996,1184.329507,9696.697840
4031.871464,1149.143247,-0.000000,9326.594869
4031.871779,1225.752797,-74.020594,9400.615463
4031.872094,229.828649,-740.205942,9030.512492
4031.872409,-229.828649,-962.267725,9252.574275
4031.872724,-919.314598,-1258.350101,9104.533087
4031.873039,-1225.752797,-1480.411884,9030.512492
4031.873354,-1225.752797,-962.267725,8734.430116
4031.873669,-1608.800546,-666.185348,8956.491898
4031.873985,-1532.190996,-0.000000,9252.574275
4031.874300,-1378.971896,296.082377,9696.697840
4031.874615,-1532.190996,1036.288319,9844.739029
4031.874930,-536.266849,1702.473667,10066.800811
4031.875245,76.609550,2220.617826,10214.842000
4031.875560,383.047749,2146.597232,10807.006753
4031.875875,612.876398,1924.535449,10881.027347
4031.876190,1225.752797,1110.308913,10732.986159
4031.876506,919.314598,1110.308913,10214.842000
4031.876821,995.924147,814.226536,10288.862594
4031.877136,1378.971896,444.123565,9548.656652
4031.877451,1302.362347,-74.020594,9178.553681
4031.877766,1225.752797,-222.061783,8364.327145
4031.878081,229.828649,-518.144159,8142.265362
4031.878396,-536.266849,-888.247130,8290.306550
4031.878711,-229.828649,-666.185348,8068.244768
4031.879026,-842.705048,-740.205942,8586.388927
4031.879342,-1378.971896,-888.247130,9030.512492
4031.879657,-1532.190996,-962.267725,9548.656652
4031.879972,-1302.362347,-74.020594,10066.800811
4031.880287,-612.876398,222.061783,10955.047942
4031.880602,0.000000,592.164754,10584.944971
4031.880917,459.657299,1258.350101,11103.089130
4031.881232,612.876398,1924.535449,10584.944971
4031.881547,536.266849,1554.432478,10807.006753
4031.881862,1455.581446,1628.453072,11029.068536
4031.882178,1532.190996,1406.391290,9918.759623
4031.882493,1838.629195,666.185348,9696.697840
4031.882808,1608.800546,296.082377,9474.636058
4031.883123,1532.190996,-222.061783,9178.553681
4031.883438,919.314598,-1332.370696,9178.553681
4031.883753,0.000000,-1554.432478,8734.430116
4031.884068,-459.657299,-1480.411884,9030.512492
4031.884383,-459.657299,-1702.473667,8512.368333
4031.884699,-536.266849,-1258.350101,8660.409521
4031.885014,-766.095498,-962.267725,8808.450710
4031.885329,-995.924147,-888.247130,8882.471304
4031.885644,-306.438199,-148.041188,9104.533087
4031.885959,-536.266849,370.102971,9474.636058
4031.886274,0.000000,814.226536,10140.821405
4031.886589,306.438199,1036.288319,10362.883188
4031.886904,229.828649,1110.308913,10510.924376
4031.887219,766.095498,666.185348,10658.965565
4031.887535,689.485948,814.226536,10881.027347
4031.887850,1149.143247,370.102971,10658.965565
4031.888165,1302.362347,-0.000000,9992.780217
4031.888480,1838.629195,-74.020594,9326.594869
4031.888795,1455.581446,-518.144159,8808.450710
4031.889110,995.924147,-740.205942,8586.388927
4031.889425,153.219100,-814.226536,7846.182985
4031.889740,-229.828649,-1406.391290,8142.265362
4031.890056,-306.438199,-1184.329507,7698.141797
4031.890371,-766.095498,-1332.370696,8290.306550
4031.890686,-995.924147,-1110.308913,9104.533087
4031.891001,-1302.362347,-1110.308913,9474.636058
4031.891316,-1302.362347,-814.226536,10140.821405
4031.891631,-689.485948,-0.000000,10732.986159
4031.891946,-766.095498,222.061783,10214.842000
4031.892261,76.609550,1332.370696,10807.006753
4031.892576,612.876398,1480.411884,10732.986159
4031.892892,842.705048,1702.473667,10510.924376
4031.893207,1302.362347,1850.514855,10066.800811
4031.893522,1302.362347,1406.391290,9696.697840
4031.893837,1302.362347,1406.391290,9844.739029
4031.894152,1378.971896,-0.000000,9400.615463
4031.894467,995.924147,-370.102971,9104.533087
4031.894782,536.266849,-740.205942,9474.636058
4031.895097,-306.438199,-1258.350101,8808.450710
4031.895412,-766.095498,-1554.432478,8660.409521
4031.895728,-689.485948,-1184.329507,8882.471304
4031.896043,-1149.143247,-1184.329507,8882.471304
4031.896358,-1838.629195,-666.185348,8734.430116
4031.896673,-1378.971896,-0.000000,9104.533087
4031.896988,-1225.752797,444.123565,9622.677246
4031.897303,-612.876398,1036.288319,9918.759623
4031.897618,-536.266849,1332.370696,10362.883188
4031.897933,153.219100,2146.597232,10881.027347
4031.898249,689.485948,2146.597232,10807.006753
4031.898564,995.924147,1998.556043,11103.089130
4031.898879,1378.971896,1628.453072,11029.068536
4031.899194,1608.800546,1628.453072,10436.903782
4031.899509,1762.019645,1036.288319,9622.677246
4031.899824,1838.629195,740.205942,9030.512492
4031.900139,1762.019645,444.123565,8734.430116
4031.900454,919.314598,-0.000000,8364.327145
4031.900769,0.000000,-148.041188,8216.285956
4031.901085,-229.828649,-962.267725,7846.182985
4031.901400,-689.485948,-888.247130,8586.388927
4031.901715,-1225.752797,-666.185348,9104.533087
4031.902030,-1608.800546,-666.185348,9548.656652
4031.902345,-1608.800546,-74.020594,10288.862594
4031.902660,-1455.581446,-0.000000,10066.800811
4031.902975,-689.485948,1184.329507,10807.006753
4031.903290,0.000000,1702.473667,11251.130318
4031.903606,229.828649,2220.617826,10436.903782
4031.903921,536.266849,2368.659014,11177.109724
4031.904236,919.314598,2220.617826,10732.986159
4031.904551,1378.971896,2146.597232,10584.944971
4031.904866,1378.971896,2072.576638,9770.718434
4031.905181,1225.752797,1036.288319,9474.636058
4031.905496,919.314598,-0.000000,9622.677246
4031.905811,842.705048,-518.144159,9178.553681
4031.906126,306.438199,-1184.329507,9104.533087
4031.906442,-536.266849,-1480.411884,8956.491898
4031.906757,-919.314598,-1702.473667,9104.533087
4031.907072,-153.219100,-1480.411884,8956.491898
4031.907387,-689.485948,-1332.370696,8660.409521
4031.907702,-842.705048,-518.144159,8882.471304
4031.908017,-689.485948,-0.000000,9030.512492
4031.908332,-689.485948,222.061783,9400.615463
4031.908647,-153.219100,740.205942,9622.677246
4031.908963,0.000000,1406.391290,9844.739029
4031.909278,459.657299,1184.329507,10510.924376
4031.909593,306.438199,814.226536,10658.965565
4031.909908,689.485948,592.164754,11177.109724
4031.910223,1608.800546,74.020594,10881.027347
4031.910538,1072.533697,222.061783,9770.718434
4031.910854,1302.362347,-0.000000,10066.800811
4031.911169,1302.362347,-666.185348,8956.491898
4031.911484,1302.362347,-666.185348,8586.388927
4031.911799,306.438199,-962.267725,7846.182985
4031.912114,0.000000,-1184.329507,7994.224174
4031.912429,-229.828649,-1184.329507,8364.327145
4031.912744,-459.657299,-1406.391290,8364.327145
4031.913060,-383.047749,-1480.411884,8882.471304
4031.913375,-842.705048,-1480.411884,9104.533087
4031.913690,-1072.533697,-1258.350101,9178.553681
4031.914005,-1072.533697,-1036.288319,10362.883188
4031.914320,-459.657299,-296.082377,10584.944971
4031.914635,0.000000,-0.000000,11029.068536
4031.914951,0.000000,962.267725,10288.862594
4031.915266,536.266849,1036.288319,10436.903782
4031.915581,842.705048,1110.308913,10732.986159
4031.915896,995.924147,1184.329507,10510.924376
4031.916211,1302.362347,888.247130,9844.739029
4031.916526,1378.971896,-0.000000,9326.594869
4031.916842,1762.019645,-0.000000,9474.636058
4031.917157,1378.971896,-296.082377,8882.471304
4031.917472,536.266849,-1110.308913,8734.430116
4031.917787,76.609550,-1554.432478,8512.368333
4031.918102,-383.047749,-1480.411884,8660.409521
4031.918417,-306.438199,-1554.432478,8734.430116
4031.918732,-536.266849,-1406.391290,8364.327145
4031.919048,-1072.533697,-962.267725,8808.450710
4031.919363,-1378.971896,-296.082377,9252.574275
4031.919678,-1225.752797,-0.000000,9474.636058
4031.919993,-766.095498,518.144159,9992.780217
4031.920308,-536.266849,962.267725,10436.903782
4031.920623,306.438199,1406.391290,10066.800811
4031.920939,229.828649,1332.370696,10584.944971
4031.921254,612.876398,1406.391290,10732.986159
4031.921569,995.924147,1258.350101,11251.130318
4031.921884,1072.533697,1110.308913,10362.883188
4031.922199,1532.190996,814.226536,9622.677246
4031.922514,1302.362347,740.205942,9252.574275
4031.922830,1455.581446,814.226536,8808.450710
4031.923145,766.095498,222.061783,8512.368333
4031.923460,306.438199,-74.020594,8142.265362
4031.923775,-536.266849,-592.164754,8734.430116
4031.924090,-919.314598,-518.144159,8290.306550
4031.924405,-1455.581446,-962.267725,8660.409521
4031.924720,-1685.410096,-592.164754,9770.718434
4031.925036,-1608.800546,-518.144159,10288.862594
4031.925351,-1608.800546,-0.000000,10510.924376
4031.925666,-1072.533697,740.205942,10584.944971
4031.925981,-229.828649,1702.473667,10881.027347
4031.926296,306.438199,2368.659014,10584.944971
4031.926611,536.266849,2516.700203,10955.047942
4031.926927,1762.019645,2590.720797,10362.883188
4031.927242,1838.629195,2368.659014,9992.780217
4031.927557,2145.067394,2368.659014,9548.656652
4031.927872,1455.581446,1480.411884,9474.636058
4031.928187,1072.533697,296.082377,9474.636058
4031.928502,919.314598,-444.123565,9178.553681
4031.928818,306.438199,-1184.329507,9104.533087
4031.929133,-459.657299,-1480.411884,9400.615463
4031.929448,-995.924147,-1480.411884,9400.615463
4031.929763,-766.095498,-1036.288319,8956.491898
4031.930078,-995.924147,-888.247130,8512.368333
4031.930393,-1149.143247,-148.041188,9030.512492
4031.930709,-842.705048,222.061783,9474.636058
4031.931024,-842.705048,666.185348,9622.677246
4031.931339,153.219100,1110.308913,9770.718434
4031.931654,153.219100,1554.432478,9844.739029
4031.931969,919.314598,1998.556043,10362.883188
4031.932284,1072.533697,1924.535449,11177.109724
4031.932599,1225.752797,1110.308913,11029.068536
4031.932915,1149.143247,888.247130,10881.027347
4031.933230,1302.362347,740.205942,10140.821405
4031.933545,1302.362347,-0.000000,9400.615463
4031.933860,1532.190996,-148.041188,8882.471304
4031.934175,995.924147,-222.061783,8586.388927
4031.934490,383.047749,-1184.329507,8438.347739
4031.934806,-229.828649,-962.267725,8216.285956
4031.935121,-536.266849,-1406.391290,7698.141797
4031.935436,-612.876398,-1332.370696,8290.306550
4031.935751,-689.485948,-1184.329507,8882.471304
4031.936066,-995.924147,-1406.391290,9474.636058
4031.936381,-1378.971896,-444.123565,9474.636058
4031.936697,-1072.533697,-444.123565,10140.821405
4031.937012,-383.047749,296.082377,10436.903782
4031.937327,0.000000,962.267725,10362.883188
4031.937642,153.219100,1628.453072,10362.883188
4031.937957,459.657299,1554.432478,10436.903782
4031.938272,766.095498,1628.453072,10288.862594
4031.938587,1072.533697,1332.370696,10288.862594
4031.938903,919.314598,814.226536,9844.739029
4031.939218,766.095498,296.082377,10140.821405
4031.939533,842.705048,-518.144159,9474.636058
4031.939848,612.876398,-1332.370696,9474.636058
4031.940163,76.609550,-1776.494261,8956.491898
4031.940478,-842.705048,-1628.453072,8808.450710
4031.940794,-689.485948,-1850.514855,8734.430116
4031.941109,-383.047749,-1406.391290,8364.327145
4031.941424,-536.266849,-1332.370696,8290.306550
4031.941739,-612.876398,-518.144159,8586.388927
4031.942054,-689.485948,-518.144159,8808.450710
4031.942369,-919.314598,-0.000000,8882.471304
4031.942685,-306.438199,370.102971,9548.656652
4031.943000,-229.828649,592.164754,10807.006753
4031.943315,76.609550,592.164754,11103.089130
4031.943630,919.314598,370.102971,10436.903782
4031.943945,612.876398,740.205942,11399.171507
4031.944260,1455.581446,740.205942,10807.006753
4031.944576,1608.800546,740.205942,10584.944971
4031.944891,1838.629195,666.185348,9622.677246
4031.945206,2145.067394,222.061783,9252.574275
4031.945521,1532.190996,-0.000000,8586.388927
4031.945836,612.876398,-74.020594,8216.285956
4031.946151,306.438199,-370.102971,8364.327145
4031.946466,0.000000,-814.226536,8364.327145
4031.946782,0.000000,-1184.329507,8882.471304
4031.947097,-919.314598,-1036.288319,9252.574275
4031.947412,-995.924147,-1258.350101,9474.636058
4031.947727,-1302.362347,-370.102971,10288.862594
4031.948042,-995.924147,-148.041188,11029.068536
4031.948357,-1072.533697,148.041188,10658.965565
4031.948673,-229.828649,1036.288319,10362.883188
4031.948988,383.047749,2072.576638,10510.924376
4031.949303,842.705048,2146.597232,10436.903782
4031.949618,1225.752797,2294.638420,9992.780217
4031.949933,1762.019645,1702.473667,10214.842000
4031.950248,1455.581446,1480.411884,9548.656652
4031.950564,1685.410096,370.102971,9252.574275
4031.950879,1455.581446,-0.000000,9474.636058
4031.951194,1072.533697,-518.144159,9030.512492
4031.951509,612.876398,-814.226536,8734.430116
4031.951824,-383.047749,-814.226536,8438.347739
4031.952139,-459.657299,-1110.308913,8660.409521
4031.952454,-842.705048,-1036.288319,8438.347739
4031.952770,-1302.362347,-592.164754,8512.368333
4031.953085,-1532.190996,-148.041188,8586.388927
4031.953400,-1378.971896,148.041188,9178.553681
4031.953715,-1455.581446,740.205942,9918.759623
4031.954030,-1225.752797,888.247130,10436.903782
4031.954345,-995.924147,1776.494261,10955.047942
4031.954661,76.609550,1850.514855,10955.047942
4031.954976,766.095498,2072.576638,11029.068536
4031.955291,1149.143247,1850.514855,11251.130318
4031.955606,995.924147,1776.494261,10732.986159
4031.955921,1072.533697,1628.453072,10066.800811
4031.956236,1225.752797,1406.391290,9474.636058
4031.956552,1378.971896,740.205942,8956.491898
4031.956867,919.314598,-0.000000,8734.430116
4031.957182,153.219100,-222.061783,8586.388927
4031.957497,-842.705048,-888.247130,8512.368333
4031.957812,-1532.190996,-1110.308913,8956.491898
4031.958127,-1302.362347,-1332.370696,8882.471304
4031.958442,-1685.410096,-1184.329507,9400.615463
4031.958758,-1762.019645,-1036.288319,10140.821405
4031.959073,-1378.971896,-814.226536,10140.821405
4031.959388,-1149.143247,296.082377,10510.924376
4031.959703,-689.485948,1258.350101,10658.965565
4031.960018,0.000000,2146.597232,10362.883188
4031.960333,536.266849,2220.617826,10362.883188
4031.960649,1149.143247,2516.700203,10732.986159
4031.960964,1302.362347,2368.659014,10436.903782
4031.961279,1608.800546,1332.370696,10362.883188
4031.961594,1378.971896,666.185348,9992.780217
4031.961909,1302.362347,296.082377,9622.677246
4031.962224,1072.533697,-666.185348,9252.574275
4031.962540,995.924147,-1258.350101,8956.491898
4031.962855,306.438199,-1036.288319,8660.409521
4031.963170,-306.438199,-1406.391290,9030.512492
4031.963485,-229.828649,-1184.329507,9030.512492
4031.963800,-459.657299,-1332.370696,8290.306550
4031.964115,-459.657299,-888.247130,8216.285956
4031.964431,-842.705048,-1036.288319,9030.512492
4031.964746,-612.876398,-518.144159,9696.697840
4031.965061,0.000000,-740.205942,9770.718434
4031.965376,-229.828649,444.123565,9844.739029
4031.965691,153.219100,740.205942,10214.842000
4031.966006,689.485948,962.267725,11103.089130
4031.966321,1072.533697,1036.288319,10881.027347
4031.966637,1302.362347,444.123565,10807.006753
4031.966952,1225.752797,666.185348,10140.821405
4031.967267,1225.752797,592.164754,9918.759623
4031.967582,1532.190996,296.082377,9400.615463
4031.967897,1532.190996,-148.041188,9252.574275
4031.968212,1149.143247,-518.144159,8586.388927
4031.968528,459.657299,-814.226536,7846.182985
4031.968843,-383.047749,-1036.288319,8290.306550
4031.969158,-536.266849,-1258.350101,8438.347739
4031.969473,-766.095498,-1554.432478,8882.471304
4031.969788,-919.314598,-1332.370696,8956.491898
4031.970103,-1302.362347,-1480.411884,9252.574275
4031.970419,-1455.581446,-740.205942,9992.780217
4031.970734,-919.314598,-74.020594,10584.944971
4031.971049,-306.438199,592.164754,10658.965565
4031.971364,0.000000,1258.350101,10584.944971
4031.971679,229.828649,1776.494261,10288.862594
4031.971994,536.266849,1332.370696,10288.862594
4031.972309,842.705048,1628.453072,10436.903782
4031.972625,1225.752797,888.247130,10140.821405
4031.972940,1302.362347,888.247130,9696.697840
4031.973255,1072.533697,518.144159,9400.615463
4031.973570,995.924147,-148.041188,9326.594869
4031.973885,1302.362347,-740.205942,9326.594869
4031.974200,229.828649,-1036.288319,8808.450710
4031.974516,-459.657299,-962.267725,8660.409521
4031.974831,-612.876398,-740.205942,8660.409521
4031.975146,-536.266849,-740.205942,8586.388927
4031.975461,-1378.971896,-962.267725,8956.491898
4031.975776,-1455.581446,-148.041188,9104.533087
4031.976091,-1302.362347,-0.000000,9474.636058
4031.976407,-1378.971896,592.164754,9992.780217
4031.976722,-842.705048,1036.288319,10807.006753
4031.977037,0.000000,2146.597232,11177.109724
4031.977352,536.266849,1406.391290,10807.006753
4031.977667,766.095498,1776.494261,10732.986159
4031.977982,995.924147,1554.432478,10955.047942
4031.978298,1838.629195,1554.432478,10362.883188
4031.978613,2068.457845,1406.391290,10066.800811
4031.978928,1838.629195,1110.308913,9252.574275
4031.979243,1915.238745,592.164754,8660.409521
4031.979558,1225.752797,222.061783,8364.327145
4031.979873,459.657299,-444.123565,8216.285956
4031.980188,-229.828649,-888.247130,9326.594869
4031.980504,-1072.533697,-1406.391290,8068.244768
4031.980819,-1149.143247,-1406.391290,9104.533087
4031.981134,-1532.190996,-1110.308913,9474.636058
4031.981449,-1685.410096,-962.267725,9770.718434
4031.981764,-1608.800546,-370.102971,10140.821405
4031.982079,-1302.362347,-74.020594,10362.883188
4031.982395,-536.266849,1036.288319,10436.903782
4031.982710,76.609550,1776.494261,10066.800811
4031.983025,459.657299,1924.535449,10140.821405
4031.983340,919.314598,2072.576638,10510.924376
4031.983655,1302.362347,1998.556043,9992.780217
4031.983970,1378.971896,1406.391290,9474.636058
4031.984286,1302.362347,962.267725,9474.636058
4031.984601,1608.800546,148.041188,9844.739029
4031.984916,1302.362347,-296.082377,8956.491898
4031.985231,995.924147,-814.226536,9030.512492
4031.985546,0.000000,-1036.288319,8512.368333
4031.985861,-536.266849,-1258.350101,8586.388927
4031.986176,-919.314598,-1184.329507,8512.368333
4031.986492,-536.266849,-1036.288319,8068.244768
4031.986807,-766.095498,-370.102971,8364.327145
4031.987122,-1072.533697,-148.041188,8512.368333
4031.987437,-1072.533697,-0.000000,9548.656652
4031.987752,-919.314598,296.082377,10214.842000
4031.988067,-459.657299,740.205942,10436.903782
4031.988383,0.000000,1110.308913,10510.924376
4031.988698,383.047749,1702.473667,10955.047942
4031.989013,919.314598,1480.411884,11399.171507
4031.989328,689.485948,1406.391290,11473.192101
4031.989643,1072.533697,1258.350101,10807.006753
4031.989958,1378.971896,1480.411884,10066.800811
4031.990274,1378.971896,518.144159,9548.656652
4031.990589,1302.362347,370.102971,8512.368333
4031.990904,536.266849,-296.082377,9474.636058
4031.991219,-229.828649,-814.226536,8290.306550
4031.991534,-689.485948,-1258.350101,8734.430116
4031.991849,-689.485948,-1184.329507,8882.471304
4031.992164,-766.095498,-1332.370696,8956.491898
4031.992480,-1378.971896,-1776.494261,9326.594869
4031.992795,-1378.971896,-1184.329507,9474.636058
4031.993110,-1532.190996,-518.144159,9918.759623
4031.993425,-919.314598,-0.000000,9992.780217
4031.993740,153.219100,666.185348,10436.903782
4031.994055,0.000000,1776.494261,10658.965565
4031.994371,306.438199,1776.494261,10362.883188
4031.994686,842.705048,1924.535449,10288.862594
4031.995001,919.314598,1480.411884,10214.842000
4031.995316,1149.143247,1110.308913,10362.883188
4031.995631,1838.629195,592.164754,9548.656652
4031.995946,1532.190996,-74.020594,9474.636058
4031.996262,1225.752797,-444.123565,9548.656652
4031.996577,919.314598,-962.267725,8882.471304
4031.996892,153.219100,-1184.329507,8512.368333
4031.997207,-306.438199,-1480.411884,9030.512492
4031.997522,-153.219100,-1480.411884,8290.306550
4031.997837,-459.657299,-1036.288319,8438.347739
4031.998153,-459.657299,-740.205942,8216.285956
4031.998468,-995.924147,-444.123565,9030.512492
4031.998783,-1302.362347,-222.061783,8956.491898
4031.999098,-766.095498,-0.000000,10140.821405
4031.999413,-306.438199,666.185348,10362.883188
4031.999728,229.828649,666.185348,10881.027347
4032.000043,689.485948,814.226536,10807.006753
4032.000359,919.314598,1110.308913,11029.068536
4032.000674,1455.581446,962.267725,10881.027347
4032.000989,1608.800546,1036.288319,10362.883188
4032.001304,1762.019645,1258.350101,9622.677246
4032.001619,1915.238745,592.164754,9622.677246
4032.001934,1991.848295,296.082377,8734.430116
4032.002250,1302.362347,-444.123565,8068.244768
4032.002565,383.047749,-592.164754,8216.285956
4032.002880,-689.485948,-1332.370696,8512.368333
4032.003195,-383.047749,-1258.350101,8882.471304
4032.003510,-919.314598,-1554.432478,8808.450710
4032.003825,-1225.752797,-1554.432478,9030.512492
4032.004141,-1455.581446,-962.267725,9474.636058
4032.004456,-1225.752797,-518.144159,9918.759623
4032.004771,-1225.752797,-0.000000,10807.006753
4032.005086,-842.705048,1110.308913,10584.944971
4032.005401,-76.609550,1998.556043,10066.800811
4032.005716,306.438199,1924.535449,9992.780217
4032.006031,995.924147,2072.576638,10510.924376
4032.006347,1072.533697,1998.556043,10510.924376
4032.006662,1302.362347,1406.391290,9992.780217
4032.006977,1149.143247,962.267725,9918.759623
4032.007292,995.924147,222.061783,9548.656652
4032.007607,1149.143247,-0.000000,9918.759623
4032.007922,536.266849,-888.247130,9252.574275
4032.008238,0.000000,-888.247130,8512.368333
4032.008553,-689.485948,-814.226536,8734.430116
4032.008868,-995.924147,-666.185348,8734.430116
4032.009183,-842.705048,-962.267725,8734.430116
4032.009498,-1378.971896,-592.164754,8586.388927
4032.009813,-1455.581446,-74.020594,9104.533087
4032.010129,-1378.971896,296.082377,9474.636058
4032.010444,-919.314598,962.267725,10288.862594
4032.010759,-459.657299,1628.453072,10881.027347
4032.011074,0.000000,1776.494261,10658.965565
4032.011389,306.438199,1776.494261,10955.047942
4032.011704,536.266849,1628.453072,10881.027347
4032.012019,1149.143247,1554.432478,10732.986159
4032.012335,1532.190996,1776.494261,10362.883188
4032.012650,1378.971896,1184.329507,9696.697840
4032.012965,1225.752797,740.205942,9030.512492
4032.013280,1149.143247,518.144159,8882.471304
4032.013595,536.266849,-296.082377,8290.306550
4032.013910,-229.828649,-888.247130,8808.450710
4032.014225,-1149.143247,-1258.350101,9030.512492
4032.014541,-1149.143247,-1554.432478,8956.491898
4032.014856,-1302.362347,-1776.494261,8882.471304
4032.015171,-1608.800546,-1258.350101,9104.533087
4032.015486,-1378.971896,-888.247130,9992.780217
4032.015801,-1455.581446,-0.000000,9844.739029
4032.016116,-612.876398,740.205942,10066.800811
4032.016432,0.000000,1628.453072,10362.883188
4032.016747,459.657299,1776.494261,10066.800811
4032.017062,842.705048,2146.597232,10362.883188
4032.017377,1302.362347,1776.494261,10658.965565
4032.017692,1225.752797,1406.391290,10436.903782
4032.018007,2068.457845,444.123565,10066.800811
4032.018322,1378.971896,296.082377,9770.718434
4032.018638,1302.362347,-222.061783,9696.697840
4032.018953,1302.362347,-740.205942,9178.553681
4032.019268,689.485948,-1110.308913,8586.388927
4032.019583,229.828649,-1480.411884,8586.388927
4032.019898,-153.219100,-1332.370696,8734.430116
4032.020213,-306.438199,-1184.329507,7846.182985
4032.020528,-459.657299,-518.144159,7476.080014
4032.020844,-689.485948,-592.164754,8364.327145
4032.021159,-1302.362347,-444.123565,9252.574275
4032.021474,-842.705048,-0.000000,9622.677246
4032.021789,-459.657299,296.082377,10140.821405
4032.022104,-536.266849,666.185348,10658.965565
4032.022419,306.438199,1332.370696,10658.965565
4032.022735,383.047749,888.247130,10955.047942
4032.023050,536.266849,1036.288319,11473.192101
4032.023365,689.485948,1184.329507,10881.027347
4032.023680,1149.143247,740.205942,9548.656652
4032.023995,1072.533697,518.144159,9844.739029
4032.024310,1149.143247,740.205942,10140.821405
4032.024625,1378.971896,-0.000000,8956.491898
4032.024941,536.266849,-740.205942,8660.409521
4032.025256,-153.219100,-888.247130,8364.327145
4032.025571,0.000000,-1184.329507,8660.409521
4032.025886,-306.438199,-1184.329507,8438.347739
4032.026201,-612.876398,-1036.288319,8734.430116
4032.026516,-1072.533697,-1184.329507,9252.574275
4032.026831,-1378.971896,-666.185348,9474.636058
4032.027147,-1225.752797,-518.144159,9992.780217
4032.027462,-1072.533697,-0.000000,10066.800811
4032.027777,0.000000,962.267725,10288.862594
4032.028092,0.000000,1184.329507,10362.883188
4032.028407,459.657299,1258.350101,10807.006753
4032.028722,1302.362347,1406.391290,10288.862594
4032.029038,995.924147,1110.308913,10732.986159
4032.029353,1378.971896,814.226536,10436.903782
4032.029668,1378.971896,666.185348,9992.780217
4032.029983,1685.410096,222.061783,9770.718434
4032.030298,1608.800546,-518.144159,9326.594869
4032.030613,919.314598,-740.205942,8734.430116
4032.030928,383.047749,-666.185348,8586.388927
4032.031244,0.000000,-1110.308913,8216.285956
4032.031559,-229.828649,-888.247130,8290.306550
4032.031874,-459.657299,-814.226536,8808.450710
4032.032189,-1225.752797,-888.247130,8882.471304
4032.032504,-1608.800546,-888.247130,9104.533087
4032.032819,-1378.971896,-370.102971,9548.656652
4032.033134,-919.314598,370.102971,10288.862594
4032.033450,-766.095498,740.205942,11103.089130
4032.033765,-229.828649,1406.391290,10881.027347
4032.034080,153.219100,1554.432478,10955.047942
4032.034395,689.485948,1850.514855,10436.903782
4032.034710,766.095498,1628.453072,10807.006753
4032.035025,1072.533697,1554.432478,9844.739029
4032.035341,1225.752797,962.267725,9474.636058
4032.035656,1378.971896,666.185348,9178.553681
4032.035971,1302.362347,222.061783,8512.368333
4032.036286,766.095498,-148.041188,8438.347739
4032.036601,0.000000,-592.164754,8142.265362
4032.036916,-1225.752797,-1184.329507,8808.450710
4032.037231,-842.705048,-1258.350101,8660.409521
4032.037547,-1378.971896,-1184.329507,8660.409521
4032.037862,-1455.581446,-814.226536,9178.553681
4032.038177,-1532.190996,-666.185348,9474.636058
4032.038492,-1685.410096,-222.061783,9992.780217
4032.038807,-842.705048,444.123565,10214.842000
4032.039122,-383.047749,1332.370696,10510.924376
4032.039437,459.657299,1850.514855,10066.800811
4032.039753,766.095498,2072.576638,10658.965565
4032.040068,1378.971896,1702.473667,10214.842000
4032.040383,1302.362347,1480.411884,10584.944971
4032.040698,1608.800546,1258.350101,10510.924376
4032.041013,1685.410096,888.247130,9770.718434
4032.041328,1915.238745,370.102971,9696.697840
4032.041643,1072.533697,-148.041188,8956.491898
4032.041959,612.876398,-518.144159,8512.368333
4032.042274,0.000000,-962.267725,8660.409521
4032.042589,-459.657299,-1184.329507,8956.491898
4032.042904,-842.705048,-1036.288319,8882.471304
4032.043219,-1149.143247,-1184.329507,8660.409521
4032.043534,-1455.581446,-740.205942,9252.574275
4032.043850,-1302.362347,-296.082377,9548.656652
4032.044165,-842.705048,-0.000000,10066.800811
4032.044480,229.828649,1110.308913,10436.903782
4032.044795,-153.219100,1332.370696,10732.986159
4032.045110,306.438199,1998.556043,10362.883188
4032.045425,919.314598,1924.535449,10658.965565
4032.045740,1149.143247,2146.597232,10881.027347
4032.046056,1378.971896,1554.432478,10510.924376
4032.046371,1225.752797,1332.370696,9770.718434
4032.046686,1149.143247,518.144159,9474.636058
4032.047001,1455.581446,-0.000000,9400.615463
4032.047316,919.314598,-518.144159,9030.512492
4032.047631,0.000000,-666.185348,8956.491898
4032.047946,-995.924147,-1036.288319,8290.306550
4032.048262,-1149.143247,-1332.370696,8512.368333
4032.048577,-1072.533697,-1554.432478,8438.347739
4032.048892,-1225.752797,-1258.350101,8734.430116
4032.049207,-1455.581446,-1332.370696,9252.574275
4032.049522,-1302.362347,-444.123565,9474.636058
4032.049837,-766.095498,-0.000000,9622.677246
4032.050153,-383.047749,962.267725,10140.821405
4032.050468,76.609550,1258.350101,10584.944971
4032.050783,153.219100,1554.432478,10584.944971
4032.051098,536.266849,1480.411884,10288.862594
4032.051413,1072.533697,1184.329507,10584.944971
4032.051728,1225.752797,1036.288319,10584.944971
4032.052043,1378.971896,518.144159,10066.800811
4032.052359,1378.971896,-0.000000,9844.739029
4032.052674,1532.190996,-74.020594,9326.594869
4032.052989,1072.533697,-592.164754,9030.512492
4032.053304,383.047749,-888.247130,8660.409521
4032.053619,-383.047749,-1480.411884,8956.491898
4032.053934,0.000000,-1258.350101,8438.347739
4032.054249,-383.047749,-1184.329507,8364.327145
4032.054565,-612.876398,-592.164754,8512.368333
4032.054880,-842.705048,-666.185348,9252.574275
4032.055195,-612.876398,-666.185348,9696.697840
4032.055510,-766.095498,-148.041188,9918.759623
4032.055825,-842.705048,444.123565,10288.862594
4032.056140,153.219100,888.247130,10807.006753
4032.056456,306.438199,1258.350101,10510.924376
4032.056771,995.924147,1258.350101,10510.924376
4032.057086,995.924147,1554.432478,10658.965565
4032.057401,1455.581446,1332.370696,10066.800811
4032.057716,1455.581446,1258.350101,9548.656652
4032.058031,1532.190996,666.185348,9474.636058
4032.058346,1685.410096,-74.020594,9178.553681
4032.058662,919.314598,-592.164754,8956.491898
4032.058977,612.876398,-888.247130,8660.409521
4032.059292,-229.828649,-1258.350101,8364.327145
4032.059607,-306.438199,-1998.556043,8734.430116
4032.059922,-536.266849,-1258.350101,9178.553681
4032.060237,-995.924147,-1332.370696,9252.574275
4032.060552,-919.314598,-888.247130,9326.594869
4032.060868,-1072.533697,-296.082377,9548.656652
4032.061183,-842.705048,-74.020594,9770.718434
4032.061498,-536.266849,518.144159,10140.821405
4032.061813,-229.828649,1110.308913,10807.006753
4032.062128,383.047749,1406.391290,10362.883188
4032.062443,919.314598,1924.535449,10584.944971
4032.062759,766.095498,1480.411884,11029.068536
4032.063074,1608.800546,1406.391290,10436.903782
4032.063389,1225.752797,1036.288319,9992.780217
4032.063704,1455.581446,222.061783,9400.615463
4032.064019,1302.362347,-222.061783,9252.574275
4032.064334,1149.143247,-740.205942,9178.553681
4032.064649,306.438199,-814.226536,8586.388927
4032.064965,-306.438199,-888.247130,8216.285956
4032.065280,-842.705048,-962.267725,8438.347739
4032.065595,-919.314598,-740.205942,8734.430116
4032.065910,-1302.362347,-740.205942,8808.450710
4032.066225,-1762.019645,-592.164754,8882.471304
4032.066540,-1762.019645,74.020594,9918.759623
4032.066855,-1302.362347,222.061783,10140.821405
4032.067171,-689.485948,740.205942,11251.130318
4032.067486,-459.657299,1554.432478,10732.986159
4032.067801,-153.219100,1776.494261,10658.965565
4032.068116,842.705048,2220.617826,10658.965565
4032.068431,1225.752797,2072.576638,10510.924376
4032.068746,1378.971896,1924.535449,10214.842000
4032.069062,1685.410096,1406.391290,9770.718434
4032.069377,1378.971896,592.164754,9326.594869
4032.069692,995.924147,222.061783,9030.512492
4032.070007,766.095498,-444.123565,8660.409521
4032.070322,76.609550,-888.247130,8142.265362
4032.070637,-689.485948,-1406.391290,8734.430116
4032.070952,-459.657299,-1258.350101,9030.512492
4032.071268,-842.705048,-1480.411884,8660.409521
4032.071583,-612.876398,-1110.308913,9104.533087
4032.071898,-1762.019645,-592.164754,9474.636058
4032.072213,-1378.971896,-148.041188,9548.656652
4032.072528,-919.314598,296.082377,9918.759623
4032.072843,-306.438199,888.247130,10288.862594
4032.073158,0.000000,1110.308913,11029.068536
4032.073474,612.876398,1702.473667,10732.986159
4032.073789,766.095498,1776.494261,10881.027347
4032.074104,842.705048,1628.453072,10584.944971
4032.074419,919.314598,1406.391290,10288.862594
4032.074734,1225.752797,1184.329507,10658.965565
4032.075049,1378.971896,444.123565,10066.800811
4032.075364,1149.143247,-222.061783,9548.656652
4032.075680,689.485948,-592.164754,8808.450710
4032.075995,0.000000,-888.247130,8586.388927
4032.076310,-536.266849,-1110.308913,9178.553681
4032.076625,-459.657299,-1258.350101,8512.368333
4032.076940,-766.095498,-1110.308913,8438.347739
4032.077255,-995.924147,-814.226536,8882.471304
4032.077571,-995.924147,-518.144159,9178.553681
4032.077886,-1225.752797,-222.061783,9548.656652
4032.078201,-1072.533697,222.061783,10288.862594
4032.078516,0.000000,740.205942,10140.821405
4032.078831,229.828649,1332.370696,10288.862594
4032.079146,383.047749,1258.350101,10436.903782
4032.079461,1225.752797,1554.432478,10732.986159
4032.079777,1378.971896,1628.453072,10436.903782
4032.080092,1455.581446,1480.411884,9992.780217
4032.080407,1532.190996,1110.308913,9918.759623
4032.080722,1532.190996,222.061783,9474.636058
4032.081037,1762.019645,-444.123565,8586.388927
4032.081352,1072.533697,-888.247130,8808.450710
4032.081667,229.828649,-1332.370696,8512.368333
4032.081983,-229.828649,-1480.411884,8438.347739
4032.082298,-536.266849,-1554.432478,8660.409521
4032.082613,-689.485948,-1332.370696,9030.512492
4032.082928,-842.705048,-1110.308913,8586.388927
4032.083243,-1378.971896,-888.247130,9252.574275
4032.083558,-1225.752797,-370.102971,9696.697840
4032.083874,-995.924147,-74.020594,10510.924376
4032.084189,0.000000,444.123565,10584.944971
4032.084504,383.047749,1258.350101,11029.068536
4032.084819,459.657299,1480.411884,10807.006753
4032.085134,766.095498,1554.432478,10807.006753
4032.085449,1378.971896,1332.370696,10584.944971
4032.085764,1608.800546,1258.350101,10658.965565
4032.086080,1302.362347,962.267725,10214.842000
4032.086395,1685.410096,444.123565,9548.656652
4032.086710,1608.800546,-74.020594,9326.594869
4032.087025,1149.143247,-888.247130,9178.553681
4032.087340,229.828649,-1110.308913,8660.409521
4032.087655,-766.095498,-1406.391290,8734.430116
4032.087970,-612.876398,-1406.391290,8364.327145
4032.088286,-842.705048,-1184.329507,8438.347739
4032.088601,-842.705048,-962.267725,8882.471304
4032.088916,-1302.362347,-592.164754,9104.533087
4032.089231,-1378.971896,-370.102971,9474.636058
4032.089546,-1072.533697,370.102971,9918.759623
4032.089861,-612.876398,962.267725,10436.903782
4032.090177,0.000000,1406.391290,11103.089130
4032.090492,153.219100,1480.411884,10140.821405
4032.090807,536.266849,1776.494261,10510.924376
4032.091122,689.485948,1554.432478,10732.986159
4032.091437,1149.143247,1480.411884,10214.842000
4032.091752,1149.143247,1184.329507,9918.759623
4032.092067,1378.971896,444.123565,9474.636058
4032.092383,1378.971896,-0.000000,9178.553681
4032.092698,919.314598,-370.102971,8512.368333
4032.093013,459.657299,-740.205942,8512.368333
4032.093328,-459.657299,-1110.308913,8734.430116
4032.093643,-689.485948,-1036.288319,8438.347739
4032.093958,-766.095498,-962.267725,8068.244768
4032.094273,-1149.143247,-962.267725,8438.347739
4032.094589,-1378.971896,-370.102971,9178.553681
4032.094904,-1378.971896,-74.020594,9696.697840
4032.095219,-995.924147,444.123565,10436.903782
4032.095534,-612.876398,888.247130,10807.006753
4032.095849,153.219100,1702.473667,10807.006753
4032.096164,536.266849,1924.535449,10732.986159
4032.096480,1072.533697,1702.473667,11251.130318
4032.096795,1685.410096,1924.535449,10955.047942
4032.097110,1762.019645,1850.514855,10436.903782
4032.097425,1378.971896,1258.350101,9696.697840
4032.097740,1608.800546,444.123565,9474.636058
4032.098055,1455.581446,296.082377,9252.574275
4032.098370,995.924147,-148.041188,8882.471304
4032.098686,0.000000,-740.205942,8438.347739
4032.099001,-612.876398,-1036.288319,8808.450710
4032.099316,-536.266849,-1036.288319,8882.471304
4032.099631,-919.314598,-888.247130,9030.512492
4032.099946,-1072.533697,-888.247130,9326.594869
4032.100261,-1302.362347,-296.082377,9474.636058
4032.100576,-1072.533697,222.061783,9474.636058
4032.100892,-766.095498,592.164754,10510.924376
4032.101207,-383.047749,1258.350101,10214.842000
4032.101522,0.000000,1480.411884,10436.903782
4032.101837,459.657299,1628.453072,11029.068536
4032.102152,1378.971896,1554.432478,10510.924376
4032.102467,842.705048,1554.432478,10732.986159
4032.102783,919.314598,1036.288319,10584.944971
4032.103098,1225.752797,370.102971,10140.821405
4032.103413,1302.362347,-74.020594,9474.636058
4032.103728,1685.410096,-148.041188,9178.553681
4032.104043,766.095498,-444.123565,8882.471304
4032.104358,153.219100,-962.267725,8068.244768
4032.104673,-459.657299,-1110.308913,8438.347739
4032.104989,-689.485948,-1184.329507,8068.244768
4032.105304,-842.705048,-1258.350101,8438.347739
4032.105619,-1149.143247,-592.164754,9104.533087
4032.105934,-1302.362347,-518.144159,9474.636058
4032.106249,-1225.752797,-222.061783,9770.718434
4032.106564,-766.095498,-148.041188,9992.780217
4032.106879,-153.219100,666.185348,10510.924376
4032.107195,0.000000,1258.350101,10955.047942
4032.107510,459.657299,1628.453072,11029.068536
4032.107825,689.485948,1702.473667,11103.089130
4032.108140,1302.362347,1332.370696,10436.903782
4032.108455,1225.752797,962.267725,9918.759623
4032.108770,1225.752797,518.144159,9696.697840
4032.109086,1225.752797,-0.000000,9474.636058
4032.109401,1149.143247,-370.102971,9178.553681
4032.109716,919.314598,-1184.329507,8586.388927
4032.110031,0.000000,-962.267725,8290.306550
4032.110346,-306.438199,-1628.453072,8512.368333
4032.110661,-612.876398,-1776.494261,8882.471304
4032.110976,-536.266849,-1480.411884,8512.368333
4032.111291,-1225.752797,-962.267725,8808.450710
4032.111607,-1072.533697,-666.185348,9252.574275
4032.111922,-995.924147,-296.082377,9474.636058
4032.112237,-919.314598,74.020594,9548.656652
4032.112552,-459.657299,666.185348,10214.842000
4032.112867,0.000000,1332.370696,10955.047942
4032.113182,383.047749,1110.308913,10732.986159
4032.113497,842.705048,1184.329507,10881.027347
4032.113812,919.314598,1036.288319,10732.986159
4032.114127,1378.971896,444.123565,9992.780217
4032.114443,1378.971896,296.082377,9474.636058
4032.114758,1685.410096,444.123565,9696.697840
4032.115073,1915.238745,-222.061783,8882.471304
4032.115388,1225.752797,-370.102971,8290.306550
4032.115703,153.219100,-592.164754,8068.244768
4032.116018,0.000000,-962.267725,8438.347739
4032.116333,0.000000,-1110.308913,7994.224174
4032.116648,-459.657299,-962.267725,8438.347739
4032.116963,-995.924147,-1036.288319,8956.491898
4032.117279,-1378.971896,-592.164754,9548.656652
4032.117594,-1072.533697,-0.000000,10066.800811
4032.117909,-536.266849,-0.000000,10658.965565
4032.118224,-306.438199,814.226536,10732.986159
4032.118539,0.000000,1258.350101,10881.027347
4032.118854,153.219100,1480.411884,10807.006753
4032.119169,766.095498,1850.514855,11103.089130
4032.119484,995.924147,1850.514855,10732.986159
4032.119799,1378.971896,1554.432478,10214.842000
4032.120115,1608.800546,1406.391290,9770.718434
4032.120430,1608.800546,666.185348,9252.574275
4032.120745,1378.971896,370.102971,9326.594869
4032.121060,536.266849,-444.123565,8808.450710
4032.121375,0.000000,-1036.288319,8734.430116
4032.121690,-766.095498,-1258.350101,8586.388927
4032.122005,-1225.752797,-1332.370696,8808.450710
4032.122320,-1378.971896,-1554.432478,9400.615463
4032.122635,-1608.800546,-1332.370696,8734.430116
4032.122950,-1532.190996,-518.144159,9326.594869
4032.123266,-995.924147,-0.000000,9696.697840
4032.123581,-1149.143247,962.267725,9918.759623
4032.123896,-383.047749,1332.370696,10288.862594
4032.124211,0.000000,1702.473667,10288.862594
4032.124526,536.266849,1776.494261,10288.862594
4032.124841,536.266849,1776.494261,10584.944971
4032.125156,1072.533697,1776.494261,10214.842000
4032.125471,842.705048,1036.288319,10362.883188
4032.125786,1302.362347,962.267725,9918.759623
4032.126102,1149.143247,222.061783,9326.594869
4032.126417,995.924147,-296.082377,9104.533087
4032.126732,536.266849,-740.205942,8512.368333
4032.127047,0.000000,-518.144159,8142.265362
4032.127362,-383.047749,-1036.288319,8660.409521
4032.127677,-306.438199,-1036.288319,8660.409521
4032.127992,-842.705048,-962.267725,8438.347739
4032.128307,-1149.143247,-518.144159,8808.450710
4032.128622,-1302.362347,-74.020594,9844.739029
4032.128938,-1149.143247,222.061783,10066.800811
4032.129253,-766.095498,740.205942,10658.965565
4032.129568,-306.438199,1184.329507,10732.986159
4032.129883,229.828649,1702.473667,10955.047942
4032.130198,459.657299,1628.453072,10881.027347
4032.130513,1225.752797,1850.514855,10510.924376
4032.130828,1455.581446,1702.473667,10807.006753
4032.131143,1455.581446,1702.473667,9696.697840
4032.131458,1532.190996,1036.288319,9548.656652
4032.131774,1302.362347,444.123565,9474.636058
4032.132089,1149.143247,-148.041188,9178.553681
4032.132404,536.266849,-296.082377,8882.471304
4032.132719,0.000000,-1036.288319,8586.388927
4032.133034,-383.047749,-1184.329507,9326.594869
4032.133349,-766.095498,-1480.411884,8734.430116
4032.133664,-1149.143247,-1332.370696,8586.388927
4032.133979,-995.924147,-888.247130,9178.553681
4032.134294,-1149.143247,-518.144159,9548.656652
4032.134610,-689.485948,444.123565,10140.821405
4032.134925,-229.828649,814.226536,10066.800811
4032.135240,76.609550,1406.391290,10214.842000
4032.135555,536.266849,1776.494261,10510.924376
4032.135870,766.095498,1554.432478,10436.903782
4032.136185,919.314598,1554.432478,10807.006753
4032.136500,1149.143247,814.226536,10584.944971
4032.136815,919.314598,814.226536,9992.780217
4032.137130,1455.581446,-0.000000,9918.759623
4032.137446,1378.971896,-0.000000,9622.677246
4032.137761,1225.752797,-740.205942,9030.512492
4032.138076,459.657299,-962.267725,8438.347739
4032.138391,0.000000,-1110.308913,8438.347739
4032.138706,0.000000,-1110.308913,8216.285956
4032.139021,-459.657299,-1184.329507,8142.265362
4032.139336,-689.485948,-1036.288319,8512.368333
4032.139651,-1149.143247,-814.226536,8956.491898
4032.139966,-1532.190996,-592.164754,9844.739029
4032.140282,-995.924147,-0.000000,10584.944971
4032.140597,-689.485948,370.102971,10288.862594
4032.140912,-459.657299,666.185348,11103.089130
4032.141227,76.609550,1110.308913,10658.965565
4032.141542,612.876398,1184.329507,11029.068536
4032.141857,766.095498,1258.350101,10955.047942
4032.142172,1455.581446,1036.288319,10510.924376
4032.142487,1378.971896,962.267725,9844.739029
4032.142802,1532.190996,518.144159,9252.574275
4032.143118,1378.971896,-222.061783,9104.533087
4032.143433,1225.752797,-370.102971,8734.430116
4032.143748,612.876398,-1258.350101,8660.409521
4032.144063,0.000000,-1480.411884,8364.327145
4032.144378,-459.657299,-1554.432478,8216.285956
4032.144693,-766.095498,-1776.494261,8512.368333
4032.145008,-1072.533697,-1554.432478,8808.450710
4032.145323,-842.705048,-814.226536,9252.574275
4032.145638,-1149.143247,-444.123565,9400.615463
4032.145954,-1072.533697,-148.041188,9548.656652
4032.146269,-536.266849,740.205942,9770.718434
4032.146584,76.609550,1406.391290,9918.759623
4032.146899,306.438199,1332.370696,10288.862594
4032.147214,383.047749,1406.391290,10658.965565
4032.147529,689.485948,1480.411884,10732.986159
4032.147844,1072.533697,1258.350101,10510.924376
4032.148159,1455.581446,962.267725,10288.862594
4032.148474,1762.019645,592.164754,9918.759623
4032.148789,1762.019645,-148.041188,9622.677246
4032.149105,1532.190996,-148.041188,8734.430116
4032.149420,919.314598,-222.061783,7920.203579
4032.149735,0.000000,-592.164754,7920.203579
4032.150050,-153.219100,-740.205942,8216.285956
4032.150365,-459.657299,-814.226536,8438.347739
4032.150680,-919.314598,-666.185348,8586.388927
4032.150995,-1378.971896,-666.185348,8956.491898
4032.151310,-1608.800546,-296.082377,9992.780217
4032.151625,-1608.800546,-0.000000,10436.903782
4032.151941,-612.876398,518.144159,10807.006753
4032.152256,-153.219100,1110.308913,11473.192101
4032.152571,153.219100,1850.514855,10732.986159
4032.152886,612.876398,2146.597232,11103.089130
4032.153201,995.924147,2146.597232,10807.006753
4032.153516,1378.971896,1554.432478,10362.883188
4032.153831,1455.581446,1924.535449,9770.718434
4032.154146,1455.581446,962.267725,9474.636058
4032.154461,1455.581446,370.102971,9326.594869
4032.154777,1072.533697,-74.020594,9178.553681
4032.155092,229.828649,-888.247130,8290.306550
4032.155407,-612.876398,-1036.288319,8586.388927
4032.155722,-842.705048,-1332.370696,8586.388927
4032.156037,-1149.143247,-1554.432478,8956.491898
4032.156352,-1302.362347,-1406.391290,8808.450710
4032.156667,-1455.581446,-518.144159,9252.574275
4032.156982,-1532.190996,-222.061783,9474.636058
4032.157297,-1225.752797,370.102971,9548.656652
4032.157613,-689.485948,1258.350101,10140.821405
4032.157928,-229.828649,1554.432478,10510.924376
4032.158243,229.828649,1924.535449,10362.883188
4032.158558,612.876398,1628.453072,10584.944971
4032.158873,1149.143247,1702.473667,10732.986159
4032.159188,1378.971896,1184.329507,10732.986159
4032.159503,1455.581446,814.226536,10288.862594
4032.159818,995.924147,370.102971,9252.574275
4032.160133,1532.190996,148.041188,9326.594869
4032.160449,1225.752797,-444.123565,8660.409521
4032.160764,536.266849,-740.205942,8142.265362
4032.161079,-229.828649,-962.267725,8438.347739
4032.161394,-612.876398,-962.267725,8142.265362
4032.161709,-995.924147,-1184.329507,8216.285956
4032.162024,-919.314598,-666.185348,8438.347739
4032.162339,-1608.800546,-888.247130,9104.533087
4032.162654,-1532.190996,-222.061783,9622.677246
4032.162969,-1302.362347,-148.041188,10658.965565
4032.163285,-766.095498,518.144159,10658.965565
4032.163600,0.000000,1036.288319,10955.047942
4032.163915,76.609550,1702.473667,10658.965565
4032.164230,536.266849,1406.391290,11103.089130
4032.164545,766.095498,1776.494261,10436.903782
4032.164860,1072.533697,1628.453072,10214.842000
4032.165175,1455.581446,1036.288319,9696.697840
4032.165490,1455.581446,444.123565,9696.697840
4032.165805,1378.971896,-296.082377,9252.574275
4032.166121,1072.533697,-592.164754,8808.450710
4032.166436,306.438199,-962.267725,8290.306550
4032.166751,-153.219100,-1258.350101,8956.491898
4032.167066,-229.828649,-1554.432478,8956.491898
4032.167381,-306.438199,-1702.473667,8512.368333
4032.167696,-536.266849,-1184.329507,8512.368333
4032.168011,-689.485948,-666.185348,9030.512492
4032.168326,-919.314598,-518.144159,9400.615463
4032.168641,-612.876398,-0.000000,9992.780217
4032.168957,-383.047749,370.102971,10066.800811
4032.169272,-76.609550,962.267725,9844.739029
4032.169587,306.438199,1258.350101,10658.965565
4032.169902,842.705048,1110.308913,11103.089130
4032.170217,1378.971896,740.205942,11251.130318
4032.170532,1455.581446,444.123565,10584.944971
4032.170847,1225.752797,518.144159,10288.862594
4032.171162,1762.019645,296.082377,9548.656652
4032.171477,1991.848295,-0.000000,9104.533087
4032.171793,1608.800546,-222.061783,8438.347739
4032.172108,842.705048,-444.123565,8142.265362
4032.172423,0.000000,-888.247130,8142.265362
4032.172738,0.000000,-962.267725,8068.244768
4032.173053,-459.657299,-962.267725,8438.347739
4032.173368,-459.657299,-1406.391290,8808.450710
4032.173683,-1378.971896,-1110.308913,9030.512492
4032.173998,-1685.410096,-740.205942,9918.759623
4032.174313,-1378.971896,-444.123565,10362.883188
4032.174628,-842.705048,222.061783,10732.986159
4032.174944,153.219100,592.164754,10732.986159
4032.175259,0.000000,1554.432478,10436.903782
4032.175574,459.657299,1702.473667,10584.944971
4032.175889,842.705048,1480.411884,10510.924376
4032.176204,1072.533697,1480.411884,10066.800811
4032.176519,1378.971896,1702.473667,9622.677246
4032.176834,1149.143247,666.185348,9400.615463
4032.177149,995.924147,148.041188,9178.553681
4032.177464,689.485948,-296.082377,8808.450710
4032.177780,-76.609550,-814.226536,8438.347739
4032.178095,-306.438199,-1258.350101,8290.306550
4032.178410,-766.095498,-1332.370696,8586.388927
4032.178725,-1608.800546,-1480.411884,8734.430116
4032.179040,-1302.362347,-1258.350101,9030.512492
4032.179355,-1608.800546,-888.247130,9178.553681
4032.179670,-1532.190996,-222.061783,9474.636058
4032.179985,-1378.971896,444.123565,9622.677246
4032.180300,-612.876398,1258.350101,10140.821405
4032.180616,0.000000,1702.473667,10510.924376
4032.180931,536.266849,1850.514855,10658.965565
4032.181246,766.095498,1776.494261,10658.965565
4032.181561,1072.533697,1924.535449,10881.027347
4032.181876,1455.581446,1850.514855,10584.944971
4032.182191,1608.800546,1332.370696,9992.780217
4032.182506,1608.800546,666.185348,9400.615463
4032.182821,1838.629195,296.082377,9030.512492
4032.183136,1149.143247,-0.000000,8586.388927
4032.183452,229.828649,-148.041188,8216.285956
4032.183767,-459.657299,-666.185348,8586.388927
4032.184082,-766.095498,-740.205942,8956.491898
4032.184397,-1378.971896,-962.267725,9030.512492
4032.184712,-1455.581446,-814.226536,9252.574275
4032.185027,-1378.971896,-814.226536,9844.739029
4032.185342,-1149.143247,-0.000000,10288.862594
4032.185657,-536.266849,740.205942,10732.986159
4032.185972,-153.219100,1332.370696,10955.047942
4032.186288,383.047749,1998.556043,10955.047942
4032.186603,919.314598,2220.617826,10584.944971
4032.186918,1455.581446,1776.494261,10436.903782
4032.187233,1838.629195,2220.617826,10436.903782
4032.187548,1608.800546,1554.432478,10066.800811
4032.187863,1838.629195,1110.308913,9548.656652
4032.188178,1532.190996,296.082377,9252.574275
4032.188493,1532.190996,-370.102971,9178.553681
4032.188808,995.924147,-888.247130,8956.491898
4032.189124,229.828649,-1184.329507,8586.388927
4032.189439,-306.438199,-1554.432478,8586.388927
4032.189754,-536.266849,-2368.659014,8734.430116
4032.190069,-689.485948,-1406.391290,8438.347739
4032.190384,-766.095498,-888.247130,8660.409521
4032.190699,-995.924147,-518.144159,9104.533087
4032.191014,-383.047749,222.061783,9400.615463
4032.191329,-689.485948,518.144159,9696.697840
4032.191644,-306.438199,1110.308913,9918.759623
4032.191960,229.828649,1258.350101,10214.842000
4032.192275,383.047749,1776.494261,10288.862594
4032.192590,689.485948,1480.411884,10658.965565
4032.192905,689.485948,1776.494261,10881.027347
4032.193220,689.485948,740.205942,10807.006753
4032.193535,842.705048,296.082377,10362.883188
4032.193850,919.314598,74.020594,9548.656652
4032.194165,383.047749,-74.020594,9400.615463
4032.194480,842.705048,-518.144159,9030.512492
4032.194796,153.219100,-592.164754,8364.327145
4032.195111,-383.047749,-740.205942,7920.203579
4032.195426,-612.876398,-1258.350101,8216.285956
4032.195741,-995.924147,-888.247130,8512.368333
4032.196056,-1608.800546,-1110.308913,9178.553681
4032.196371,-1685.410096,-666.185348,9474.636058
4032.196686,-1915.238745,-814.226536,10066.800811
4032.197001,-1838.629195,-222.061783,10584.944971
4032.197316,-766.095498,-296.082377,10955.047942
4032.197631,-612.876398,962.267725,10955.047942
4032.197947,-306.438199,1036.288319,10807.006753
4032.198262,229.828649,1258.350101,10955.047942
4032.198577,842.705048,1258.350101,10658.965565
4032.198892,1685.410096,1258.350101,9844.739029
4032.199207,1378.971896,444.123565,9770.718434
4032.199522,1838.629195,222.061783,9400.615463
4032.199837,1685.410096,-148.041188,9104.533087
4032.200152,1149.143247,-444.123565,8586.388927
4032.200467,459.657299,-1184.329507,8512.368333
4032.200783,-153.219100,-1480.411884,9104.533087
4032.201098,76.609550,-1480.411884,8734.430116
4032.201413,-229.828649,-1332.370696,8438.347739
4032.201728,-383.047749,-740.205942,8512.368333
4032.202043,-919.314598,-1332.370696,9400.615463
4032.202358,-1225.752797,-518.144159,9326.594869
4032.202673,-766.095498,-0.000000,9622.677246
4032.202988,-459.657299,518.144159,9696.697840
4032.203303,76.609550,1258.350101,10288.862594
4032.203619,1072.533697,1776.494261,10881.027347
4032.203934,842.705048,1332.370696,10658.965565
4032.204249,1302.362347,1628.453072,11177.109724
4032.204564,1378.971896,1406.391290,10436.903782
4032.204879,1378.971896,1184.329507,9844.739029
4032.205194,1991.848295,962.267725,9770.718434
4032.205509,2068.457845,-0.000000,9252.574275
4032.205824,1378.971896,-148.041188,8882.471304
4032.206139,689.485948,-296.082377,8290.306550
4032.206455,-229.828649,-444.123565,8438.347739
4032.206770,-536.266849,-888.247130,8364.327145
4032.207085,-995.924147,-1036.288319,8882.471304
4032.207400,-1762.019645,-1332.370696,8734.430116
4032.207715,-1838.629195,-1184.329507,9474.636058
4032.208030,-1685.410096,-962.267725,10140.821405
4032.208345,-1455.581446,-148.041188,10362.883188
4032.208660,-459.657299,-0.000000,10510.924376
4032.208975,-383.047749,1406.391290,10510.924376
4032.209290,383.047749,1998.556043,10362.883188
4032.209606,766.095498,2072.576638,10362.883188
4032.209921,1378.971896,1776.494261,10288.862594
4032.210236,1762.019645,1480.411884,10214.842000
4032.210551,1532.190996,1258.350101,9178.553681
4032.210866,1455.581446,666.185348,9252.574275
4032.211181,1225.752797,-148.041188,9104.533087
4032.211496,536.266849,-1036.288319,9104.533087
4032.211811,-229.828649,-1258.350101,9252.574275
4032.212126,-1455.581446,-1850.514855,8660.409521
4032.212441,-919.314598,-1332.370696,8882.471304
4032.212757,-1225.752797,-888.247130,8882.471304
4032.213072,-1378.971896,-888.247130,9104.533087
4032.213387,-1378.971896,-148.041188,8882.471304
4032.213702,-1072.533697,444.123565,9178.553681
4032.214017,-995.924147,1184.329507,10140.821405
4032.214332,-306.438199,1480.411884,10436.903782
4032.214647,229.828649,1628.453072,10510.924376
4032.214962,383.047749,1850.514855,10807.006753
4032.215277,1072.533697,1998.556043,10955.047942
4032.215592,1072.533697,1850.514855,10955.047942
4032.215907,1302.362347,1702.473667,10214.842000
4032.216223,2068.457845,1036.288319,10436.903782
4032.216538,1685.410096,444.123565,9696.697840
4032.216853,1455.581446,222.061783,8882.471304
4032.217168,842.705048,-296.082377,8512.368333
4032.217483,-153.219100,-296.082377,8142.265362
4032.217798,-919.314598,-740.205942,9030.512492
4032.218113,-766.095498,-888.247130,8512.368333
4032.218428,-995.924147,-1184.329507,8586.388927
4032.218743,-1225.752797,-1258.350101,8956.491898
4032.219058,-1149.143247,-740.205942,9548.656652
4032.219373,-1072.533697,-592.164754,9622.677246
4032.219689,-995.924147,-148.041188,10066.800811
4032.220004,0.000000,888.247130,10807.006753
4032.220319,229.828649,1258.350101,10658.965565
4032.220634,919.314598,1554.432478,10732.986159
4032.220949,1072.533697,1406.391290,10584.944971
4032.221264,1072.533697,1406.391290,10288.862594
4032.221579,1149.143247,1258.350101,10066.800811
4032.221894,1378.971896,592.164754,9474.636058
4032.222209,1455.581446,-222.061783,9770.718434
4032.222524,1378.971896,-740.205942,9326.594869
4032.222840,459.657299,-962.267725,8512.368333
4032.223155,76.609550,-1406.391290,8364.327145
4032.223470,-306.438199,-1628.453072,9474.636058
4032.223785,0.000000,-1332.370696,8660.409521
4032.224100,-689.485948,-1332.370696,8438.347739
4032.224415,-612.876398,-888.247130,8142.265362
4032.224730,-842.705048,-222.061783,9252.574275
4032.225045,-459.657299,-74.020594,9474.636058
4032.225360,-459.657299,444.123565,9770.718434
4032.225675,0.000000,814.226536,10214.842000
4032.225990,229.828649,1110.308913,10436.903782
4032.226306,536.266849,1332.370696,10510.924376
4032.226621,689.485948,1036.288319,10807.006753
4032.226936,842.705048,1036.288319,11399.171507
4032.227251,1072.533697,740.205942,10510.924376
4032.227566,1149.143247,740.205942,9844.739029
4032.227881,1608.800546,518.144159,9474.636058
4032.228196,1149.143247,-148.041188,9104.533087
4032.228511,1072.533697,-888.247130,8660.409521
4032.228826,306.438199,-1184.329507,8142.265362
4032.229141,-383.047749,-1184.329507,8068.244768
4032.229456,-536.266849,-1406.391290,8290.306550
4032.229772,-689.485948,-1480.411884,8660.409521
4032.230087,-1225.752797,-1406.391290,8808.450710
4032.230402,-1455.581446,-1184.329507,9474.636058
4032.230717,-1532.190996,-592.164754,10140.821405
4032.231032,-1149.143247,-222.061783,10288.862594
4032.231347,-459.657299,592.164754,10807.006753
4032.231662,-229.828649,1480.411884,10807.006753
4032.231977,153.219100,1480.411884,10436.903782
4032.232292,1225.752797,2072.576638,10732.986159
4032.232607,1225.752797,1554.432478,10140.821405
4032.232923,1378.971896,888.247130,10288.862594
4032.233238,1225.752797,962.267725,10066.800811
4032.233553,1378.971896,222.061783,9326.594869
4032.233868,1532.190996,-0.000000,9400.615463
4032.234183,1302.362347,-518.144159,9030.512492
4032.234498,153.219100,-1036.288319,8808.450710
4032.234813,-459.657299,-1036.288319,8438.347739
4032.235128,-919.314598,-814.226536,7920.203579
4032.235443,-689.485948,-518.144159,8734.430116
4032.235758,-995.924147,-370.102971,8438.347739
4032.236073,-1302.362347,-296.082377,9178.553681
4032.236389,-1149.143247,-0.000000,9622.677246
4032.236704,-1072.533697,518.144159,9844.739029
4032.237019,-612.876398,962.267725,10436.903782
4032.237334,0.000000,1036.288319,11029.068536
4032.237649,306.438199,1628.453072,11103.089130
4032.237964,842.705048,1702.473667,11177.109724
4032.238279,1225.752797,1702.473667,10807.006753
4032.238594,1685.410096,1406.391290,10066.800811
4032.238909,1532.190996,1110.308913,9622.677246
4032.239224,1455.581446,666.185348,9474.636058
4032.239540,1149.143247,370.102971,8660.409521
4032.239855,612.876398,-296.082377,8216.285956
4032.240170,0.000000,-666.185348,8068.244768
4032.240485,-766.095498,-888.247130,8734.430116
4032.240800,-766.095498,-1110.308913,8882.471304
4032.241115,-1149.143247,-1554.432478,8734.430116
4032.241430,-1225.752797,-1184.329507,9252.574275
4032.241745,-1378.971896,-592.164754,9844.739029
4032.242060,-919.314598,-0.000000,9992.780217
4032.242375,-689.485948,962.267725,9992.780217
4032.242690,0.000000,1554.432478,10362.883188
4032.243006,689.485948,1998.556043,10510.924376
4032.243321,995.924147,1628.453072,10214.842000
4032.243636,689.485948,1998.556043,10510.924376
4032.243951,1378.971896,1776.494261,10510.924376
4032.244266,1378.971896,1406.391290,9844.739029
4032.244581,1608.800546,666.185348,9918.759623
4032.244896,1072.533697,-0.000000,9844.739029
4032.245211,995.924147,-370.102971,9326.594869
4032.245526,229.828649,-1036.288319,8808.450710
4032.245841,-536.266849,-1036.288319,8586.388927
4032.246156,-459.657299,-1184.329507,8660.409521
4032.246472,-306.438199,-962.267725,8734.430116
4032.246787,-842.705048,-888.247130,8660.409521
4032.247102,-1225.752797,-296.082377,8882.471304
4032.247417,-1225.752797,-0.000000,9178.553681
4032.247732,-766.095498,370.102971,10140.821405
4032.248047,-306.438199,888.247130,10214.842000
4032.248362,0.000000,1184.329507,10881.027347
4032.248677,153.219100,1480.411884,10955.047942
4032.248992,689.485948,1480.411884,11029.068536
4032.249307,995.924147,1406.391290,11325.150913
4032.249623,1149.143247,1258.350101,10955.047942
4032.249938,1149.143247,814.226536,10362.883188
4032.250253,1149.143247,666.185348,9770.718434
4032.250568,1378.971896,-0.000000,8808.450710
4032.250883,1378.971896,-666.185348,8438.347739
4032.251198,842.705048,-666.185348,8438.347739
4032.251513,0.000000,-1110.308913,8586.388927
4032.251828,-536.266849,-1480.411884,8438.347739
4032.252143,-459.657299,-1480.411884,8364.327145
4032.252458,-383.047749,-1332.370696,9104.533087
4032.252773,-995.924147,-1332.370696,9104.533087
4032.253089,-1149.143247,-592.164754,9696.697840
4032.253404,-919.314598,-518.144159,9844.739029
4032.253719,-383.047749,296.082377,10510.924376
4032.254034,-306.438199,444.123565,10140.821405
4032.254349,76.609550,962.267725,10214.842000
4032.254664,689.485948,1332.370696,10881.027347
4032.254979,842.705048,1332.370696,10362.883188
4032.255294,1149.143247,1184.329507,10510.924376
4032.255609,1378.971896,222.061783,9992.780217
4032.255924,1532.190996,148.041188,9844.739029
4032.256239,1455.581446,-222.061783,9178.553681
4032.256555,1225.752797,-592.164754,9104.533087
4032.256870,689.485948,-962.267725,8586.388927
4032.257185,0.000000,-666.185348,9326.594869
4032.257500,-76.609550,-1258.350101,8438.347739
4032.257815,-459.657299,-1332.370696,8216.285956
4032.258130,-459.657299,-740.205942,7920.203579
4032.258445,-766.095498,-444.123565,8364.327145
4032.258760,-1302.362347,-296.082377,9474.636058
4032.259075,-919.314598,-296.082377,9992.780217
4032.259390,-689.485948,518.144159,10066.800811
4032.259706,-383.047749,592.164754,10510.924376
4032.260021,229.828649,1184.329507,10362.883188
4032.260336,383.047749,1480.411884,11399.171507
4032.260651,842.705048,1184.329507,11547.212695
4032.260966,919.314598,1184.329507,10881.027347
4032.261281,1225.752797,1258.350101,9992.780217
4032.261596,1685.410096,740.205942,9400.615463
4032.261911,1915.238745,148.041188,8882.471304
4032.262226,1455.581446,-0.000000,9104.533087
4032.262541,612.876398,-370.102971,8364.327145
4032.262856,0.000000,-592.164754,8068.244768
4032.263172,-612.876398,-1184.329507,8438.347739
4032.263487,-383.047749,-1332.370696,8808.450710
4032.263802,-1072.533697,-1184.329507,8882.471304
4032.264117,-1378.971896,-962.267725,9326.594869
4032.264432,-1762.019645,-814.226536,10214.842000
4032.264747,-1302.362347,-444.123565,10214.842000
4032.265062,-1302.362347,-0.000000,10510.924376
4032.265377,-383.047749,1110.308913,10955.047942
4032.265692,229.828649,1628.453072,10436.903782
4032.266007,536.266849,1998.556043,10955.047942
4032.266322,995.924147,2220.617826,10732.986159
4032.266638,1532.190996,1850.514855,10436.903782
4032.266953,1532.190996,1554.432478,9696.697840
4032.267268,1455.581446,1110.308913,9622.677246
4032.267583,1532.190996,296.082377,9400.615463
4032.267898,1532.190996,-74.020594,9474.636058
4032.268213,383.047749,-1036.288319,9030.512492
4032.268528,-459.657299,-1110.308913,8512.368333
4032.268843,-766.095498,-1036.288319,8882.471304
4032.269158,-995.924147,-1036.288319,8364.327145
4032.269473,-919.314598,-1258.350101,8808.450710
4032.269789,-1302.362347,-592.164754,8808.450710
4032.270104,-1532.190996,-74.020594,9252.574275
4032.270419,-1225.752797,518.144159,9918.759623
4032.270734,-766.095498,1036.288319,10362.883188
4032.271049,-153.219100,1184.329507,10584.944971
4032.271364,229.828649,1554.432478,10510.924376
4032.271679,536.266849,1628.453072,10881.027347
4032.271994,995.924147,1702.473667,10510.924376
4032.272309,1378.971896,1406.391290,10214.842000
4032.272624,1225.752797,1036.288319,9474.636058
4032.272939,995.924147,444.123565,10066.800811
4032.273255,1149.143247,-0.000000,9326.594869
4032.273570,919.314598,-148.041188,8734.430116
4032.273885,919.314598,-740.205942,8734.430116
4032.274200,-306.438199,-1110.308913,8290.306550
4032.274515,-689.485948,-1110.308913,8734.430116
4032.274830,-919.314598,-1110.308913,8364.327145
4032.275145,-919.314598,-1258.350101,8882.471304
4032.275460,-919.314598,-962.267725,8808.450710
4032.275775,-1608.800546,-888.247130,9548.656652
4032.276090,-1072.533697,-74.020594,10140.821405
4032.276405,-459.657299,740.205942,10214.842000
4032.276721,0.000000,1480.411884,10510.924376
4032.277036,536.266849,2220.617826,10732.986159
4032.277351,842.705048,1924.535449,10658.965565
4032.277666,919.314598,1702.473667,10436.903782
4032.277981,1225.752797,1702.473667,10510.924376
4032.278296,766.095498,1036.288319,10066.800811
4032.278611,919.314598,296.082377,9844.739029
4032.278926,995.924147,-222.061783,9918.759623
4032.279241,766.095498,-962.267725,9178.553681
4032.279556,306.438199,-888.247130,8734.430116
4032.279872,153.219100,-1480.411884,9030.512492
4032.280187,-229.828649,-1258.350101,8808.450710
4032.280502,-153.219100,-888.247130,8882.471304
4032.280817,-689.485948,-370.102971,8438.347739
4032.281132,-766.095498,-74.020594,8290.306550
4032.281447,-919.314598,-148.041188,9474.636058
4032.281762,-612.876398,222.061783,9844.739029
4032.282077,-612.876398,370.102971,10436.903782
4032.282392,-459.657299,814.226536,11029.068536
4032.282707,0.000000,1036.288319,10807.006753
4032.283022,842.705048,666.185348,10955.047942
4032.283338,1149.143247,962.267725,10881.027347
4032.283653,1225.752797,592.164754,10807.006753
4032.283968,1149.143247,444.123565,10140.821405
4032.284283,1072.533697,-74.020594,8956.491898
4032.284598,1225.752797,-74.020594,8808.450710
4032.284913,1072.533697,-222.061783,8438.347739
4032.285228,536.266849,-888.247130,8216.285956
4032.285543,76.609550,-1258.350101,8586.388927
4032.285858,-306.438199,-1702.473667,8586.388927
4032.286173,-459.657299,-1332.370696,8512.368333
4032.286488,-842.705048,-1332.370696,8734.430116
4032.286804,-995.924147,-1036.288319,9326.594869
4032.287119,-1149.143247,-666.185348,9622.677246
4032.287434,-919.314598,-592.164754,9844.739029
4032.287749,-536.266849,148.041188,10066.800811
4032.288064,0.000000,888.247130,10288.862594
4032.288379,153.219100,1480.411884,10214.842000
4032.288694,383.047749,1480.411884,10066.800811
4032.289009,919.314598,1258.350101,10584.944971
4032.289324,919.314598,1110.308913,10436.903782
4032.289639,1072.533697,740.205942,10214.842000
4032.289955,1072.533697,370.102971,9844.739029
4032.290270,1149.143247,-592.164754,9548.656652
4032.290585,766.095498,-518.144159,8882.471304
4032.290900,383.047749,-814.226536,8586.388927
4032.291215,-383.047749,-1036.288319,8660.409521
4032.291530,-536.266849,-962.267725,8068.244768
4032.291845,-612.876398,-888.247130,7772.162391
4032.292160,-1072.533697,-444.123565,8438.347739
4032.292475,-1225.752797,-0.000000,8660.409521
4032.292790,-1532.190996,-0.000000,9178.553681
4032.293105,-1608.800546,-0.000000,9770.718434
4032.293421,-1225.752797,296.082377,10436.903782
4032.293736,-995.924147,888.247130,10584.944971
4032.294051,0.000000,1184.329507,10436.903782
4032.294366,306.438199,1628.453072,11399.171507
4032.294681,995.924147,1702.473667,11251.130318
4032.294996,1072.533697,1332.370696,10584.944971
4032.295311,1302.362347,1776.494261,9918.759623
4032.295626,1455.581446,1406.391290,9252.574275
4032.295941,1608.800546,888.247130,8956.491898
4032.296256,1532.190996,444.123565,8512.368333
4032.296571,689.485948,-222.061783,8290.306550
4032.296887,0.000000,-370.102971,8142.265362
4032.297202,-612.876398,-666.185348,8734.430116
4032.297517,-536.266849,-1184.329507,9252.574275
4032.297832,-1225.752797,-1406.391290,9400.615463
4032.298147,-1455.581446,-888.247130,9844.739029
4032.298462,-1225.752797,-148.041188,10066.800811
4032.298777,-1072.533697,370.102971,10510.924376
4032.299092,-459.657299,1184.329507,10584.944971
4032.299407,153.219100,1998.556043,10436.903782
4032.299722,536.266849,2146.597232,10584.944971
4032.300038,1302.362347,2368.659014,10732.986159
4032.300353,1685.410096,1924.535449,10955.047942
4032.300668,1608.800546,1628.453072,10807.006753
4032.300983,1685.410096,1184.329507,10140.821405
4032.301298,1608.800546,518.144159,9844.739029
4032.301613,1455.581446,370.102971,9548.656652
4032.301928,1225.752797,-370.102971,9326.594869
4032.302243,536.266849,-592.164754,8734.430116
4032.302558,-766.095498,-1332.370696,7994.224174
4032.302873,-689.485948,-1406.391290,8364.327145
4032.303188,-995.924147,-1184.329507,8438.347739
4032.303504,-1149.143247,-962.267725,8808.450710
4032.303819,-1762.019645,-740.205942,9104.533087
4032.304134,-842.705048,-296.082377,9548.656652
4032.304449,-995.924147,-0.000000,9474.636058
4032.304764,-383.047749,962.267725,9844.739029
4032.305079,76.609550,1406.391290,10658.965565
4032.305394,306.438199,1480.411884,10436.903782
4032.305709,766.095498,1258.350101,10288.862594
4032.306024,995.924147,1554.432478,10807.006753
4032.306339,1072.533697,1110.308913,9992.780217
4032.306654,1302.362347,740.205942,9844.739029
4032.306970,1685.410096,-74.020594,9252.574275
4032.307285,1915.238745,-296.082377,8956.491898
4032.307600,612.876398,-592.164754,8512.368333
4032.307915,229.828649,-962.267725,8142.265362
4032.308230,-536.266849,-1480.411884,8586.388927
4032.308545,-536.266849,-1480.411884,8512.368333
4032.308860,-766.095498,-1702.473667,8364.327145
4032.309175,-919.314598,-1184.329507,8660.409521
4032.309490,-995.924147,-1110.308913,9104.533087
4032.309805,-1225.752797,-222.061783,9474.636058
4032.310120,-842.705048,-222.061783,9844.739029
4032.310435,-306.438199,444.123565,10066.800811
4032.310750,153.219100,888.247130,10658.965565
4032.311066,229.828649,1110.308913,10658.965565
4032.311381,919.314598,962.267725,10881.027347
4032.311696,459.657299,814.226536,11251.130318
4032.312011,1149.143247,962.267725,10732.986159
4032.312326,1225.752797,814.226536,10288.862594
4032.312641,1378.971896,-0.000000,9918.759623
4032.312956,1915.238745,-296.082377,9474.636058
4032.313272,1149.143247,-666.185348,8734.430116
4032.313587,612.876398,-740.205942,8364.327145
4032.313902,0.000000,-962.267725,8660.409521
4032.314217,-459.657299,-1036.288319,8586.388927
4032.314532,-919.314598,-1110.308913,8364.327145
4032.314847,-842.705048,-1184.329507,8142.265362
4032.315162,-1225.752797,-740.205942,9252.574275
4032.315478,-1225.752797,-666.185348,9474.636058
4032.315793,-1072.533697,-296.082377,10362.883188
4032.316108,-766.095498,-0.000000,10658.965565
4032.316423,-383.047749,740.205942,10955.047942
4032.316738,76.609550,1332.370696,10288.862594
4032.317053,842.705048,1332.370696,10807.006753
4032.317368,1302.362347,1554.432478,10807.006753
4032.317684,1072.533697,1036.288319,10362.883188
4032.317999,1378.971896,1332.370696,9696.697840
4032.318314,1991.848295,666.185348,9178.553681
4032.318629,1685.410096,518.144159,9104.533087
4032.318944,1455.581446,-148.041188,8364.327145
4032.319259,689.485948,-518.144159,8142.265362
4032.319574,0.000000,-1258.350101,8512.368333
4032.319889,-306.438199,-1110.308913,8734.430116
4032.320205,-766.095498,-888.247130,8808.450710
4032.320520,-842.705048,-1036.288319,8586.388927
4032.320835,-1685.410096,-740.205942,9178.553681
4032.321150,-1915.238745,-370.102971,9622.677246
4032.321465,-1378.971896,-74.020594,10288.862594
4032.321780,-842.705048,666.185348,10807.006753
4032.322095,0.000000,1110.308913,10732.986159
4032.322411,306.438199,1850.514855,10658.965565
4032.322726,842.705048,2146.597232,10881.027347
4032.323041,1225.752797,2294.638420,10807.006753
4032.323356,1608.800546,1776.494261,10584.944971
4032.323671,2145.067394,1702.473667,9696.697840
4032.323986,1532.190996,1184.329507,9474.636058
4032.324301,1455.581446,592.164754,9178.553681
4032.324617,1149.143247,-0.000000,9030.512492
4032.324932,-229.828649,-1110.308913,8438.347739
4032.325247,-1072.533697,-1184.329507,8364.327145
4032.325562,-1149.143247,-1184.329507,8586.388927
4032.325877,-1378.971896,-1110.308913,8438.347739
4032.326192,-1991.848295,-1332.370696,8808.450710
4032.326507,-1608.800546,-518.144159,9326.594869
4032.326822,-1685.410096,-370.102971,9548.656652
4032.327138,-1455.581446,592.164754,10066.800811
4032.327453,-612.876398,1258.350101,10214.842000
4032.327768,153.219100,1702.473667,10658.965565
4032.328083,229.828649,1998.556043,11029.068536
4032.328398,995.924147,2072.576638,10658.965565
4032.328713,1455.581446,2072.576638,10658.965565
4032.329028,1685.410096,1702.473667,10140.821405
4032.329344,1455.581446,1184.329507,9622.677246
4032.329659,1685.410096,666.185348,9474.636058
4032.329974,1532.190996,-0.000000,8882.471304
4032.330289,1225.752797,-74.020594,8364.327145
4032.330604,0.000000,-962.267725,8216.285956
4032.330919,-689.485948,-1184.329507,8956.491898
4032.331234,-842.705048,-1406.391290,8808.450710
4032.331550,-1378.971896,-1184.329507,8586.388927
4032.331865,-1072.533697,-1036.288319,8882.471304
4032.332180,-1378.971896,-814.226536,9844.739029
4032.332495,-1225.752797,-296.082377,9918.759623
4032.332810,-612.876398,444.123565,10436.903782
4032.333125,-229.828649,962.267725,10584.944971
4032.333440,536.266849,1628.453072,11177.109724
4032.333756,383.047749,1998.556043,10584.944971
4032.334071,1072.533697,1480.411884,10658.965565
4032.334386,995.924147,2146.597232,10658.965565
4032.334701,1532.190996,1110.308913,10584.944971
4032.335016,1532.190996,962.267725,9696.697840
4032.335331,919.314598,148.041188,9770.718434
4032.335646,995.924147,-444.123565,9474.636058
4032.335961,229.828649,-962.267725,9252.574275
4032.336277,-306.438199,-1184.329507,8660.409521
4032.336592,-612.876398,-1554.432478,8512.368333
4032.336907,-689.485948,-1480.411884,8660.409521
4032.337222,-689.485948,-1036.288319,9178.553681
4032.337537,-995.924147,-888.247130,8734.430116
4032.337852,-919.314598,-592.164754,8956.491898
4032.338167,-689.485948,-74.020594,9326.594869
4032.338483,-383.047749,-0.000000,9844.739029
4032.338798,0.000000,444.123565,10140.821405
4032.339113,229.828649,1258.350101,10584.944971
4032.339428,612.876398,1332.370696,10732.986159
4032.339743,919.314598,1184.329507,10436.903782
4032.340058,1302.362347,1110.308913,10510.924376
4032.340373,1378.971896,814.226536,10584.944971
4032.340689,1455.581446,370.102971,10140.821405
4032.341004,1455.581446,-222.061783,9400.615463
4032.341319,1378.971896,-592.164754,9326.594869
4032.341634,459.657299,-962.267725,8956.491898
4032.341949,76.609550,-1036.288319,7920.203579
4032.342264,153.219100,-1184.329507,8216.285956
4032.342579,0.000000,-1184.329507,7698.141797
4032.342895,-306.438199,-1036.288319,8660.409521
4032.343210,0.000000,-814.226536,8734.430116
4032.343525,-842.705048,-444.123565,9326.594869
4032.343840,-995.924147,-222.061783,9770.718434
4032.344155,-689.485948,-0.000000,10214.842000
4032.344470,-536.266849,518.144159,10584.944971
4032.344785,0.000000,888.247130,11325.150913
4032.345100,0.000000,1258.350101,10732.986159
4032.345416,383.047749,1776.494261,10955.047942
4032.345731,612.876398,1702.473667,10436.903782
4032.346046,612.876398,1406.391290,10436.903782
4032.346361,1149.143247,1332.370696,9992.780217
4032.346676,1149.143247,666.185348,9474.636058
4032.346991,1225.752797,-0.000000,8882.471304
4032.347306,995.924147,-148.041188,8512.368333
4032.347622,536.266849,-518.144159,8290.306550
4032.347937,-306.438199,-1036.288319,8290.306550
4032.348252,-383.047749,-740.205942,8290.306550
4032.348567,-689.485948,-518.144159,8290.306550
4032.348882,-1302.362347,-592.164754,8660.409521
4032.349197,-1378.971896,-444.123565,9400.615463
4032.349512,-1608.800546,-370.102971,9918.759623
4032.349828,-1378.971896,-0.000000,10214.842000
4032.350143,-842.705048,666.185348,11029.068536
4032.350458,-306.438199,1628.453072,10955.047942
4032.350773,153.219100,1628.453072,10140.821405
4032.351088,383.047749,1480.411884,10510.924376
4032.351403,1455.581446,1924.535449,10658.965565
4032.351718,1378.971896,1628.453072,9918.759623
4032.352034,1378.971896,1184.329507,9844.739029
4032.352349,2145.067394,518.144159,10214.842000
4032.352664,1762.019645,592.164754,9178.553681
4032.352979,995.924147,-74.020594,8882.471304
4032.353294,153.219100,-518.144159,8364.327145
4032.353609,-459.657299,-1110.308913,9030.512492
4032.353924,-689.485948,-1332.370696,9178.553681
4032.354239,-1302.362347,-1406.391290,8808.450710
4032.354555,-1225.752797,-740.205942,9326.594869
4032.354870,-1532.190996,-592.164754,9770.718434
4032.355185,-1302.362347,-74.020594,10436.903782
4032.355500,-1072.533697,148.041188,10658.965565
4032.355815,-689.485948,740.205942,10584.944971
4032.356130,0.000000,1924.535449,10881.027347
4032.356445,612.876398,1850.514855,10510.924376
4032.356761,1149.143247,2146.597232,11029.068536
4032.357076,1149.143247,1776.494261,10584.944971
4032.357391,995.924147,1332.370696,10066.800811
4032.357706,1378.971896,592.164754,9770.718434
4032.358021,1302.362347,296.082377,9474.636058
4032.358336,1378.971896,-222.061783,9474.636058
4032.358651,689.485948,-1110.308913,9030.512492
4032.358967,-153.219100,-1036.288319,8142.265362
4032.359282,-536.266849,-1554.432478,8364.327145
4032.359597,-229.828649,-1406.391290,8216.285956
4032.359912,-842.705048,-1480.411884,8808.450710
4032.360227,-995.924147,-1406.391290,8660.409521
4032.360542,-1072.533697,-962.267725,8660.409521
4032.360857,-1149.143247,-666.185348,9474.636058
4032.361172,-459.657299,444.123565,10066.800811
4032.361488,-229.828649,740.205942,9696.697840
4032.361803,0.000000,962.267725,10288.862594
4032.362118,689.485948,1332.370696,10288.862594
4032.362433,919.314598,1332.370696,10584.944971
4032.362748,1302.362347,1332.370696,10510.924376
4032.363063,1455.581446,1258.350101,10140.821405
4032.363378,1455.581446,740.205942,9844.739029
4032.363694,1532.190996,296.082377,9474.636058
4032.364009,1378.971896,-0.000000,8882.471304
4032.364324,76.609550,-888.247130,8734.430116
4032.364639,153.219100,-962.267725,8956.491898
4032.364954,-229.828649,-814.226536,8512.368333
4032.365269,-612.876398,-962.267725,8660.409521
4032.365584,-919.314598,-888.247130,9030.512492
4032.365900,-689.485948,-592.164754,9474.636058
4032.366215,-1149.143247,-370.102971,9622.677246
4032.366530,-1225.752797,-0.000000,10066.800811
4032.366845,-919.314598,592.164754,10362.883188
4032.367160,-306.438199,962.267725,10807.006753
4032.367475,-306.438199,1628.453072,11177.109724
4032.367790,383.047749,1702.473667,11103.089130
4032.368106,612.876398,1406.391290,11029.068536
4032.368421,842.705048,1554.432478,10658.965565
4032.368736,919.314598,1258.350101,10288.862594
4032.369051,1455.581446,592.164754,9918.759623
4032.369366,1455.581446,222.061783,9696.697840
4032.369681,919.314598,148.041188,9252.574275
4032.369996,919.314598,-296.082377,8734.430116
4032.370311,0.000000,-814.226536,8438.347739
4032.370627,-459.657299,-1258.350101,8734.430116
4032.370942,-459.657299,-1036.288319,8956.491898
4032.371257,-919.314598,-962.267725,8512.368333
4032.371572,-1072.533697,-740.205942,9104.533087
4032.371887,-995.924147,-444.123565,9326.594869
4032.372202,-1072.533697,-148.041188,9844.739029
4032.372517,-1302.362347,-0.000000,9474.636058
4032.372833,-306.438199,740.205942,9844.739029
4032.373148,0.000000,1036.288319,10362.883188
4032.373463,306.438199,1332.370696,10510.924376
4032.373778,919.314598,1702.473667,10584.944971
4032.374093,1302.362347,1406.391290,10658.965565
4032.374408,1225.752797,1110.308913,9918.759623
4032.374723,1455.581446,444.123565,9474.636058
4032.375039,1608.800546,-0.000000,9252.574275
4032.375354,1378.971896,-296.082377,9400.615463
4032.375669,842.705048,-666.185348,8512.368333
4032.375984,153.219100,-740.205942,8364.327145
4032.376299,-459.657299,-1110.308913,8290.306550
4032.376614,-383.047749,-1036.288319,8512.368333
4032.376929,-612.876398,-1184.329507,8808.450710
4032.377245,-1378.971896,-740.205942,9030.512492
4032.377560,-1608.800546,-592.164754,9474.636058
4032.377875,-1225.752797,-148.041188,9622.677246
4032.378190,-689.485948,444.123565,10436.903782
4032.378505,0.000000,814.226536,11251.130318
4032.378820,0.000000,1110.308913,10510.924376
4032.379135,536.266849,1406.391290,10658.965565
4032.379450,1072.533697,1554.432478,10881.027347
4032.379766,1072.533697,1554.432478,10510.924376
4032.380081,1225.752797,1184.329507,9992.780217
4032.380396,1378.971896,814.226536,9548.656652
4032.380711,1302.362347,-0.000000,9474.636058
4032.381026,1072.533697,-148.041188,8660.409521
4032.381341,536.266849,-666.185348,8586.388927
4032.381656,-229.828649,-1110.308913,8438.347739
4032.381972,-689.485948,-1184.329507,8512.368333
4032.382287,-766.095498,-1332.370696,8438.347739
4032.382602,-995.924147,-1036.288319,8660.409521
4032.382917,-1225.752797,-814.226536,9178.553681
4032.383232,-1072.533697,-592.164754,9104.533087
4032.383547,-842.705048,-0.000000,9696.697840
4032.383862,-766.095498,592.164754,10066.800811
4032.384178,-306.438199,1480.411884,10510.924376
4032.384493,459.657299,1702.473667,10732.986159
4032.384808,459.657299,1850.514855,11029.068536
4032.385123,995.924147,1924.535449,11029.068536
4032.385438,1149.143247,1406.391290,10658.965565
4032.385753,1149.143247,1184.329507,10510.924376
4032.386068,1532.190996,666.185348,10362.883188
4032.386384,1838.629195,296.082377,9548.656652
4032.386699,1225.752797,-0.000000,9178.553681
4032.387014,689.485948,-222.061783,8734.430116
4032.387329,0.000000,-592.164754,8808.450710
4032.387644,-459.657299,-814.226536,8956.491898
4032.387959,-612.876398,-962.267725,8438.347739
4032.388274,-919.314598,-666.185348,8882.471304
4032.388589,-1149.143247,-1036.288319,9030.512492
4032.388905,-1532.190996,-666.185348,9696.697840
4032.389220,-1149.143247,-444.123565,9992.780217
4032.389535,-689.485948,592.164754,10658.965565
4032.389850,0.000000,814.226536,10807.006753
4032.390165,459.657299,1332.370696,10881.027347
4032.390480,1302.362347,1628.453072,10807.006753
4032.390795,1225.752797,1628.453072,10288.862594
4032.391111,1378.971896,1406.391290,10140.821405
4032.391426,1302.362347,1332.370696,10066.800811
4032.391741,1149.143247,740.205942,9400.615463
4032.392056,1225.752797,-0.000000,9104.533087
4032.392371,1225.752797,-814.226536,8956.491898
4032.392686,383.047749,-1110.308913,8808.450710
4032.393001,-536.266849,-1332.370696,8290.306550
4032.393317,-766.095498,-1480.411884,8660.409521
4032.393632,-689.485948,-1628.453072,9104.533087
4032.393947,-842.705048,-1406.391290,8438.347739
4032.394262,-1225.752797,-962.267725,8808.450710
4032.394577,-995.924147,-592.164754,9178.553681
4032.394892,-689.485948,-0.000000,9474.636058
4032.395207,306.438199,814.226536,9918.759623
4032.395523,459.657299,1406.391290,10362.883188
4032.395838,459.657299,1702.473667,10510.924376
4032.396153,995.924147,1554.432478,10510.924376
4032.396468,1149.143247,1184.329507,10436.903782
4032.396783,1455.581446,1036.288319,10807.006753
4032.397098,1532.190996,740.205942,10140.821405
4032.397413,1378.971896,148.041188,9548.656652
4032.397728,1455.581446,-222.061783,9252.574275
4032.398044,1302.362347,-592.164754,8956.491898
4032.398359,459.657299,-814.226536,8216.285956
4032.398674,-306.438199,-1184.329507,8660.409521
4032.398989,-459.657299,-1036.288319,8364.327145
4032.399304,-766.095498,-888.247130,8068.244768
4032.399619,-766.095498,-1036.288319,8660.409521
4032.399934,-1302.362347,-592.164754,9400.615463
4032.400250,-1455.581446,-666.185348,9770.718434
4032.400565,-1149.143247,-666.185348,9992.780217
4032.400880,-612.876398,518.144159,10881.027347
4032.401195,-229.828649,1110.308913,11177.109724
4032.401510,153.219100,1554.432478,10510.924376
4032.401825,689.485948,1702.473667,10955.047942
4032.402140,766.095498,1480.411884,11177.109724
4032.402456,612.876398,1110.308913,10436.903782
4032.402771,1225.752797,1258.350101,9918.759623
4032.403086,1455.581446,592.164754,9844.739029
4032.403401,1532.190996,-0.000000,9474.636058
4032.403716,842.705048,-740.205942,8734.430116
4032.404031,612.876398,-962.267725,8438.347739
4032.404346,-229.828649,-1110.308913,8808.450710
4032.404661,0.000000,-1258.350101,8586.388927
4032.404977,-459.657299,-1332.370696,8216.285956
4032.405292,-766.095498,-1184.329507,8586.388927
4032.405607,-995.924147,-962.267725,8512.368333
4032.405922,-995.924147,-296.082377,9178.553681
4032.406237,-766.095498,222.061783,9474.636058
4032.406552,-612.876398,1036.288319,9992.780217
4032.406867,0.000000,1258.350101,9696.697840
4032.407183,153.219100,1702.473667,10436.903782
4032.407498,536.266849,1850.514855,10658.965565
4032.407813,689.485948,1480.411884,10881.027347
4032.408128,842.705048,1480.411884,10732.986159
4032.408443,1072.533697,962.267725,10140.821405
4032.408758,1149.143247,814.226536,9992.780217
4032.409073,1149.143247,-0.000000,9622.677246
4032.409389,995.924147,-148.041188,9104.533087
4032.409704,0.000000,-740.205942,8586.388927
4032.410019,-306.438199,-370.102971,7698.141797
4032.410334,-306.438199,-592.164754,7994.224174
4032.410649,-766.095498,-518.144159,8586.388927
4032.410964,-1072.533697,-814.226536,8512.368333
4032.411279,-1455.581446,-666.185348,8956.491898
4032.411594,-1685.410096,-592.164754,9548.656652
4032.411909,-1302.362347,-0.000000,10510.924376
4032.412225,-1072.533697,444.123565,10658.965565
4032.412540,-153.219100,592.164754,10584.944971
4032.412855,76.609550,1554.432478,11029.068536
4032.413170,842.705048,1554.432478,11177.109724
4032.413485,919.314598,1776.494261,10658.965565
4032.413800,1455.581446,1776.494261,10288.862594
4032.414115,1608.800546,1110.308913,9696.697840
4032.414430,1608.800546,740.205942,9178.553681
4032.414745,1225.752797,370.102971,9104.533087
4032.415060,1225.752797,-0.000000,9178.553681
4032.415376,536.266849,-518.144159,8290.306550
4032.415691,0.000000,-814.226536,8586.388927
4032.416006,-306.438199,-1036.288319,8882.471304
4032.416321,-229.828649,-1258.350101,8660.409521
4032.416636,-995.924147,-888.247130,8734.430116
4032.416951,-1455.581446,-814.226536,9252.574275
4032.417266,-1532.190996,-222.061783,9622.677246
4032.417581,-1072.533697,74.020594,9622.677246
4032.417896,-1149.143247,740.205942,10288.862594
4032.418212,0.000000,1184.329507,10362.883188
4032.418527,306.438199,1628.453072,10881.027347
4032.418842,766.095498,1702.473667,10807.006753
4032.419157,919.314598,1554.432478,11029.068536
4032.419472,1455.581446,1184.329507,10881.027347
4032.419787,1455.581446,1036.288319,10362.883188
4032.420102,1455.581446,370.102971,9992.780217
4032.420417,1685.410096,296.082377,9696.697840
4032.420732,1072.533697,-74.020594,8808.450710
4032.421047,536.266849,-814.226536,8290.306550
4032.421363,-383.047749,-814.226536,8290.306550
4032.421678,-766.095498,-888.247130,8364.327145
4032.421993,-919.314598,-1110.308913,8438.347739
4032.422308,-1225.752797,-1332.370696,8660.409521
4032.422623,-1378.971896,-1184.329507,9622.677246
4032.422938,-1455.581446,-1036.288319,9474.636058
4032.423253,-1302.362347,-370.102971,9918.759623
4032.423568,-612.876398,-0.000000,10807.006753
4032.423883,-229.828649,962.267725,10510.924376
4032.424198,459.657299,1036.288319,10881.027347
4032.424514,766.095498,1258.350101,10732.986159
4032.424829,1532.190996,1702.473667,10362.883188
4032.425144,1455.581446,1406.391290,9844.739029
4032.425459,1762.019645,962.267725,9622.677246
4032.425774,1685.410096,370.102971,9326.594869
4032.426089,1685.410096,-74.020594,9178.553681
4032.426404,1225.752797,-740.205942,8734.430116
4032.426719,383.047749,-1110.308913,8364.327145
4032.427034,-229.828649,-1480.411884,8808.450710
4032.427350,-383.047749,-1554.432478,8512.368333
4032.427665,-842.705048,-1850.514855,8734.430116
4032.427980,-1072.533697,-1258.350101,8734.430116
4032.428295,-1149.143247,-1110.308913,8808.450710
4032.428610,-1072.533697,-666.185348,9548.656652
4032.428925,-919.314598,-0.000000,9992.780217
4032.429240,-459.657299,962.267725,10066.800811
4032.429555,-153.219100,1184.329507,10288.862594
4032.429870,153.219100,962.267725,10510.924376
4032.430185,919.314598,740.205942,10658.965565
4032.430501,536.266849,1406.391290,10955.047942
4032.430816,995.924147,1110.308913,10436.903782
4032.431131,995.924147,666.185348,10732.986159
4032.431446,1455.581446,444.123565,9918.759623
4032.431761,1455.581446,-148.041188,9474.636058
4032.432076,842.705048,-518.144159,8882.471304
4032.432391,229.828649,-666.185348,8438.347739
4032.432706,-612.876398,-666.185348,7994.224174
4032.433021,-766.095498,-1110.308913,7920.203579
4032.433337,-689.485948,-1036.288319,8290.306550
4032.433652,-1378.971896,-1110.308913,8216.285956
4032.433967,-1608.800546,-888.247130,8808.450710
4032.434282,-1608.800546,-814.226536,9918.759623
4032.434597,-1149.143247,-0.000000,10362.883188
4032.434912,-689.485948,592.164754,10732.986159
4032.435227,0.000000,1110.308913,11029.068536
4032.435542,229.828649,1554.432478,11029.068536
4032.435857,1302.362347,2220.617826,10732.986159
4032.436172,536.266849,2072.576638,10288.862594
4032.436488,1225.752797,1924.535449,10584.944971
4032.436803,1455.581446,1628.453072,9474.636058
4032.437118,1225.752797,888.247130,9326.594869
4032.437433,1225.752797,444.123565,8882.471304
4032.437748,842.705048,-222.061783,8956.491898
4032.438063,229.828649,-666.185348,8512.368333
4032.438378,-459.657299,-962.267725,8882.471304
4032.438693,-842.705048,-1036.288319,8882.471304
4032.439008,-919.314598,-1110.308913,8586.388927
4032.439324,-995.924147,-814.226536,8734.430116
4032.439639,-1149.143247,-518.144159,9252.574275
4032.439954,-919.314598,-148.041188,9696.697840
4032.440269,-612.876398,814.226536,9844.739029
4032.440584,-306.438199,1480.411884,9992.780217
4032.440899,229.828649,1998.556043,10584.944971
4032.441214,459.657299,2146.597232,10732.986159
4032.441529,1072.533697,2146.597232,10732.986159
4032.441844,1149.143247,1702.473667,11695.253884
4032.442159,1532.190996,1184.329507,10658.965565
4032.442475,1532.190996,1110.308913,10288.862594
4032.442790,1532.190996,592.164754,9770.718434
4032.443105,1225.752797,148.041188,9400.615463
4032.443420,1149.143247,-0.000000,8882.471304
4032.443735,306.438199,-444.123565,8068.244768
4032.444050,-229.828649,-592.164754,8586.388927
4032.444365,-689.485948,-1036.288319,8142.265362
4032.444680,-1225.752797,-1258.350101,8068.244768
4032.444995,-1378.971896,-1184.329507,8882.471304
4032.445310,-1608.800546,-592.164754,9696.697840
4032.445626,-1455.581446,-296.082377,10214.842000
4032.445941,-1072.533697,-222.061783,10362.883188
4032.446256,153.219100,666.185348,10881.027347
4032.446571,306.438199,1480.411884,10881.027347
4032.446886,612.876398,1554.432478,10214.842000
4032.447201,1072.533697,1850.514855,10955.047942
4032.447516,1225.752797,1998.556043,10362.883188
4032.447831,1149.143247,1702.473667,9918.759623
4032.448146,1455.581446,1110.308913,9400.615463
4032.448462,1378.971896,296.082377,9252.574275
4032.448777,1072.533697,-222.061783,9252.574275
4032.449092,612.876398,-888.247130,9178.553681
4032.449407,306.438199,-1406.391290,8734.430116
4032.449722,-536.266849,-2294.638420,9104.533087
4032.450037,-842.705048,-1628.453072,8438.347739
4032.450352,-995.924147,-1110.308913,9252.574275
4032.450667,-1149.143247,-1184.329507,9104.533087
4032.450982,-1072.533697,-740.205942,9030.512492
4032.451297,-919.314598,-518.144159,9474.636058
4032.451613,-459.657299,370.102971,9770.718434
4032.451928,-153.219100,1184.329507,9918.759623
4032.452243,0.000000,1406.391290,10288.862594
4032.452558,766.095498,1258.350101,10955.047942
4032.452873,1149.143247,1110.308913,10955.047942
4032.453188,1072.533697,1036.288319,11325.150913
4032.453503,1302.362347,444.123565,10807.006753
4032.453818,1149.143247,-0.000000,10436.903782
4032.454133,1455.581446,-74.020594,9474.636058
4032.454449,1685.410096,-518.144159,9326.594869
4032.454764,1455.581446,-888.247130,8734.430116
4032.455079,766.095498,-888.247130,8068.244768
4032.455394,-153.219100,-1036.288319,7698.141797
4032.455709,-306.438199,-1332.370696,7846.182985
4032.456024,-612.876398,-1406.391290,8068.244768
4032.456339,-766.095498,-1110.308913,8808.450710
4032.456654,-1149.143247,-1554.432478,9474.636058
4032.456969,-1378.971896,-1332.370696,9844.739029
4032.457284,-995.924147,-666.185348,10436.903782
4032.457600,-612.876398,-0.000000,10584.944971
4032.457915,76.609550,814.226536,11103.089130
4032.458230,306.438199,1184.329507,10658.965565
4032.458545,842.705048,1258.350101,10214.842000
4032.458860,1072.533697,1332.370696,10140.821405
4032.459175,1302.362347,1332.370696,10066.800811
4032.459490,1762.019645,888.247130,9696.697840
4032.459805,1455.581446,444.123565,9400.615463
4032.460120,1149.143247,-74.020594,9252.574275
4032.460435,1072.533697,-666.185348,9030.512492
4032.460751,383.047749,-888.247130,8068.244768
4032.461066,0.000000,-1258.350101,8660.409521
4032.461381,-459.657299,-1258.350101,8660.409521
4032.461696,-766.095498,-1036.288319,8364.327145
4032.462011,-1225.752797,-888.247130,8364.327145
4032.462326,-1532.190996,-518.144159,8660.409521
4032.462641,-1608.800546,-0.000000,9400.615463
4032.462956,-1455.581446,592.164754,9770.718434
4032.463271,-995.924147,740.205942,10658.965565
4032.463587,-842.705048,962.267725,10584.944971
4032.463902,0.000000,1554.432478,10436.903782
4032.464217,0.000000,1924.535449,11325.150913
4032.464532,459.657299,1406.391290,11251.130318
4032.464847,689.485948,1554.432478,10732.986159
4032.465162,1149.143247,1554.432478,10362.883188
4032.465477,1072.533697,814.226536,9548.656652
4032.465792,1302.362347,962.267725,9030.512492
4032.466107,766.095498,666.185348,8586.388927
4032.466422,153.219100,-0.000000,8290.306550
4032.466738,-612.876398,-222.061783,7994.224174
4032.467053,-842.705048,-444.123565,8882.471304
4032.467368,-1149.143247,-888.247130,8586.388927
4032.467683,-1455.581446,-1110.308913,9252.574275
4032.467998,-2221.676944,-888.247130,9696.697840
4032.468313,-1915.238745,-444.123565,10214.842000
4032.468628,-1225.752797,222.061783,10807.006753
4032.468943,-459.657299,888.247130,10955.047942
4032.469258,0.000000,1924.535449,10658.965565
4032.469574,689.485948,1776.494261,10807.006753
4032.469889,1225.752797,2664.741391,10807.006753
4032.470204,1608.800546,2368.659014,10658.965565
4032.470519,1915.238745,2442.679609,9844.739029
4032.470834,1685.410096,1776.494261,9918.759623
4032.471149,1838.629195,1184.329507,9326.594869
4032.471464,1685.410096,592.164754,8956.491898
4032.471779,995.924147,-222.061783,9104.533087
4032.472094,153.219100,-1036.288319,8882.471304
4032.472409,-536.266849,-1332.370696,9178.553681
4032.472725,-842.705048,-1480.411884,8808.450710
4032.473040,-842.705048,-1110.308913,8882.471304
4032.473355,-1149.143247,-888.247130,8956.491898
4032.473670,-1149.143247,-370.102971,9030.512492
4032.473985,-995.924147,-222.061783,9474.636058
4032.474300,-842.705048,518.144159,9696.697840
4032.474615,-153.219100,962.267725,10140.821405
4032.474930,153.219100,1406.391290,10140.821405
4032.475245,612.876398,1258.350101,10436.903782
4032.475560,1302.362347,1406.391290,10658.965565
4032.475876,842.705048,888.247130,10288.862594
4032.476191,1225.752797,740.205942,10288.862594
4032.476506,1455.581446,518.144159,9992.780217
4032.476821,1455.581446,-74.020594,9400.615463
4032.477136,1378.971896,-518.144159,9104.533087
4032.477451,0.000000,-666.185348,8512.368333
4032.477766,-229.828649,-1184.329507,7994.224174
4032.478081,-459.657299,-1554.432478,8290.306550
4032.478396,-766.095498,-1554.432478,8142.265362
4032.478712,-1149.143247,-1480.411884,8290.306550
4032.479027,-1225.752797,-1406.391290,9104.533087
4032.479342,-1455.581446,-1554.432478,9474.636058
4032.479657,-1225.752797,-962.267725,9918.759623
4032.479972,-919.314598,-370.102971,10140.821405
4032.480287,383.047749,222.061783,9844.739029
4032.480602,536.266849,666.185348,10510.924376
4032.480917,766.095498,1036.288319,10436.903782
4032.481232,1225.752797,1406.391290,10510.924376
4032.481547,1072.533697,1332.370696,10288.862594
4032.481863,766.095498,1258.350101,9992.780217
4032.482178,1225.752797,740.205942,9400.615463
4032.482493,1225.752797,148.041188,9548.656652
4032.482808,842.705048,-592.164754,9326.594869
4032.483123,536.266849,-888.247130,9178.553681
4032.483438,-306.438199,-1480.411884,8882.471304
4032.483753,-689.485948,-1406.391290,8882.471304
4032.484068,-766.095498,-1406.391290,8956.491898
4032.484383,-919.314598,-1036.288319,8438.347739
4032.484699,-995.924147,-962.267725,8808.450710
4032.485014,-1072.533697,-296.082377,8734.430116
4032.485329,-1072.533697,-0.000000,9474.636058
4032.485644,-1072.533697,740.205942,9622.677246
4032.485959,-536.266849,666.185348,10436.903782
4032.486274,0.000000,1110.308913,10584.944971
4032.486589,536.266849,888.247130,10955.047942
4032.486904,842.705048,962.267725,11177.109724
4032.487219,995.924147,592.164754,11399.171507
4032.487534,1225.752797,962.267725,10732.986159
4032.487850,1838.629195,740.205942,10140.821405
4032.488165,1532.190996,740.205942,9400.615463
4032.488480,1762.019645,296.082377,8808.450710
4032.488795,1225.752797,148.041188,8364.327145
4032.489110,459.657299,-148.041188,7920.203579
4032.489425,-229.828649,-740.205942,8068.244768
4032.489740,-306.438199,-666.185348,8290.306550
4032.490055,-536.266849,-740.205942,8438.347739
4032.490370,-919.314598,-740.205942,9326.594869
4032.490686,-1378.971896,-888.247130,10066.800811
4032.491001,-1378.971896,-370.102971,9918.759623
4032.491316,-766.095498,-74.020594,10658.965565
4032.491631,-459.657299,740.205942,10807.006753
4032.491946,76.609550,1628.453072,10732.986159
4032.492261,1072.533697,1924.535449,10510.924376
4032.492576,995.924147,2368.659014,10362.883188
4032.492891,1455.581446,2516.700203,9992.780217
4032.493206,1762.019645,2368.659014,9770.718434
4032.493521,1762.019645,1258.350101,9696.697840
4032.493837,1915.238745,592.164754,9474.636058
4032.494152,1072.533697,-0.000000,9400.615463
4032.494467,612.876398,-222.061783,9030.512492
4032.494782,-229.828649,-666.185348,9030.512492
4032.495097,-842.705048,-962.267725,8882.471304
4032.495412,-842.705048,-1258.350101,8882.471304
4032.495727,-1225.752797,-814.226536,8882.471304
4032.496042,-1378.971896,-740.205942,8586.388927
4032.496357,-1455.581446,-0.000000,9400.615463
4032.496672,-1149.143247,518.144159,9548.656652
4032.496988,-459.657299,814.226536,9548.656652
4032.497303,-612.876398,1480.411884,10140.821405
4032.497618,306.438199,1850.514855,10288.862594
4032.497933,536.266849,1554.432478,10658.965565
4032.498248,766.095498,1776.494261,11029.068536
4032.498563,612.876398,888.247130,10881.027347
4032.498878,995.924147,1258.350101,10362.883188
4032.499193,1302.362347,740.205942,9548.656652
4032.499508,1072.533697,444.123565,9252.574275
4032.499824,1225.752797,-74.020594,8512.368333
4032.500139,0.000000,-74.020594,8512.368333
4032.500454,-612.876398,-666.185348,7624.121203
4032.500769,-1072.533697,-1110.308913,8216.285956
4032.501084,-919.314598,-1332.370696,8660.409521
4032.501399,-1378.971896,-1480.411884,8808.450710
4032.501714,-2068.457845,-1184.329507,9178.553681
4032.502029,-1915.238745,-1036.288319,9770.718434
4032.502344,-1455.581446,-148.041188,10510.924376
4032.502659,-612.876398,666.185348,10732.986159
4032.502975,-306.438199,444.123565,10807.006753
4032.503290,612.876398,1776.494261,10436.903782
4032.503605,995.924147,2146.597232,10288.862594
4032.503920,1455.581446,2220.617826,10140.821405
4032.504235,1378.971896,1702.473667,10510.924376
4032.504550,1455.581446,1184.329507,10066.800811
4032.504865,1072.533697,444.123565,9622.677246
4032.505180,1225.752797,-148.041188,9252.574275
4032.505495,612.876398,-666.185348,9622.677246
4032.505811,536.266849,-1332.370696,9400.615463
4032.506126,-306.438199,-1776.494261,9030.512492
4032.506441,-383.047749,-1776.494261,9252.574275
4032.506756,-459.657299,-1628.453072,8660.409521
4032.507071,-536.266849,-962.267725,8882.471304
4032.507386,-383.047749,-518.144159,8734.430116
4032.507701,-612.876398,-592.164754,9104.533087
4032.508016,-536.266849,-74.020594,9252.574275
4032.508331,0.000000,518.144159,9770.718434
4032.508646,76.609550,666.185348,10140.821405
4032.508962,459.657299,740.205942,10436.903782
4032.509277,919.314598,592.164754,11029.068536
4032.509592,995.924147,666.185348,11251.130318
4032.509907,1685.410096,814.226536,11103.089130
4032.510222,1685.410096,148.041188,10658.965565
4032.510537,1608.800546,-0.000000,9696.697840
4032.510852,1838.629195,-148.041188,9104.533087
4032.511167,1455.581446,-0.000000,8290.306550
4032.511482,842.705048,-592.164754,8142.265362
4032.511797,153.219100,-1110.308913,8364.327145
4032.512113,0.000000,-1110.308913,8364.327145
4032.512428,-229.828649,-1702.473667,8290.306550
4032.512743,-995.924147,-1184.329507,8586.388927
4032.513058,-1762.019645,-1332.370696,9548.656652
4032.513373,-1455.581446,-1110.308913,10140.821405
4032.513688,-1225.752797,-814.226536,10436.903782
4032.514003,-536.266849,-0.000000,10807.006753
4032.514318,-229.828649,666.185348,10658.965565
4032.514633,612.876398,1998.556043,9992.780217
4032.514948,383.047749,1924.535449,10584.944971
4032.515264,766.095498,1850.514855,10510.924376
4032.515579,842.705048,1554.432478,10362.883188
4032.515894,1072.533697,1554.432478,9326.594869
4032.516209,1149.143247,814.226536,9400.615463
4032.516524,1149.143247,222.061783,9548.656652
4032.516839,612.876398,-370.102971,9252.574275
4032.517154,229.828649,-888.247130,8882.471304
4032.517469,-612.876398,-1184.329507,8512.368333
4032.517784,-689.485948,-1184.329507,8956.491898
4032.518099,-919.314598,-1036.288319,8364.327145
4032.518414,-919.314598,-1036.288319,8142.265362
4032.518730,-1762.019645,-370.102971,8512.368333
4032.519045,-1762.019645,-296.082377,9030.512492
4032.519360,-1302.362347,518.144159,9548.656652
4032.519675,-1225.752797,1110.308913,9844.739029
4032.519990,-459.657299,1258.350101,10288.862594
4032.520305,-306.438199,1628.453072,10288.862594
4032.520620,229.828649,1406.391290,11251.130318
4032.520935,689.485948,1406.391290,11325.150913
4032.521250,1149.143247,1332.370696,10955.047942
4032.521565,995.924147,1480.411884,10362.883188
4032.521881,1378.971896,1776.494261,9918.759623
4032.522196,1532.190996,1036.288319,9622.677246
4032.522511,1149.143247,592.164754,9030.512492
4032.522826,612.876398,148.041188,8364.327145
4032.523141,0.000000,-222.061783,8216.285956
4032.523456,-766.095498,-592.164754,8660.409521
4032.523771,-766.095498,-740.205942,9030.512492
4032.524086,-995.924147,-888.247130,9326.594869
4032.524401,-1378.971896,-962.267725,9622.677246
4032.524716,-1455.581446,-592.164754,10066.800811
4032.525032,-995.924147,296.082377,10732.986159
4032.525347,-383.047749,1036.288319,10288.862594
4032.525662,153.219100,1850.514855,10510.924376
4032.525977,459.657299,2146.597232,10584.944971
4032.526292,612.876398,1776.494261,10881.027347
4032.526607,1149.143247,1850.514855,10362.883188
4032.526922,1532.190996,1554.432478,10436.903782
4032.527237,1455.581446,1554.432478,10362.883188
4032.527552,1225.752797,740.205942,9770.718434
4032.527867,2145.067394,-0.000000,9474.636058
4032.528182,842.705048,-370.102971,9548.656652
4032.528498,383.047749,-888.247130,8882.471304
4032.528813,-306.438199,-1258.350101,8734.430116
4032.529128,-766.095498,-1406.391290,8882.471304
4032.529443,-1149.143247,-1110.308913,8586.388927
4032.529758,-1072.533697,-1184.329507,8364.327145
4032.530073,-1225.752797,-740.205942,8882.471304
4032.530388,-1149.143247,-370.102971,9178.553681
4032.530703,-689.485948,-518.144159,9326.594869
4032.531018,-689.485948,370.102971,10066.800811
4032.531333,-306.438199,740.205942,10584.944971
4032.531649,383.047749,1110.308913,10436.903782
4032.531964,842.705048,1258.350101,10510.924376
4032.532279,1072.533697,1258.350101,10955.047942
4032.532594,1378.971896,962.267725,10362.883188
4032.532909,1302.362347,592.164754,9770.718434
4032.533224,1532.190996,-0.000000,9696.697840
4032.533539,1378.971896,-74.020594,9252.574275
4032.533854,995.924147,-444.123565,8364.327145
4032.534169,229.828649,-814.226536,7920.203579
4032.534484,-536.266849,-1332.370696,8512.368333
4032.534800,-612.876398,-1184.329507,8364.327145
4032.535115,-842.705048,-1702.473667,8438.347739
4032.535430,-842.705048,-1258.350101,8660.409521
4032.535745,-1072.533697,-1036.288319,9326.594869
4032.536060,-1149.143247,-888.247130,9770.718434
4032.536375,-995.924147,-296.082377,10214.842000
4032.536690,0.000000,-0.000000,10288.862594
4032.537005,0.000000,814.226536,10510.924376
4032.537320,536.266849,1258.350101,10140.821405
4032.537635,689.485948,1554.432478,10362.883188
4032.537950,612.876398,1406.391290,10732.986159
4032.538266,1302.362347,962.267725,10362.883188
4032.538581,612.876398,592.164754,10214.842000
4032.538896,995.924147,-0.000000,10214.842000
4032.539211,995.924147,-222.061783,9770.718434
4032.539526,919.314598,-1036.288319,9474.636058
4032.539841,153.219100,-1554.432478,9400.615463
4032.540156,-306.438199,-1406.391290,8882.471304
4032.540471,-229.828649,-1110.308913,8586.388927
4032.540786,-459.657299,-814.226536,8216.285956
4032.541101,-536.266849,-740.205942,8216.285956
4032.541417,-536.266849,-74.020594,8216.285956
4032.541732,-1072.533697,-0.000000,9178.553681
4032.542047,-766.095498,-0.000000,9548.656652
4032.542362,-612.876398,592.164754,10288.862594
4032.542677,306.438199,666.185348,10362.883188
4032.542992,383.047749,962.267725,10807.006753
4032.543307,842.705048,1406.391290,10807.006753
4032.543622,1072.533697,1184.329507,11103.089130
4032.543937,1302.362347,1110.308913,10955.047942
4032.544252,1608.800546,888.247130,10214.842000
4032.544568,1685.410096,888.247130,9474.636058
4032.544883,1378.971896,444.123565,8882.471304
4032.545198,1455.581446,222.061783,8586.388927
4032.545513,842.705048,-222.061783,8512.368333
4032.545828,229.828649,-592.164754,8512.368333
4032.546143,0.000000,-666.185348,8512.368333
4032.546458,-612.876398,-518.144159,8734.430116
4032.546773,-919.314598,-814.226536,9104.533087
4032.547088,-1149.143247,-666.185348,9770.718434
4032.547403,-1149.143247,-592.164754,10362.883188
4032.547718,-919.314598,-148.041188,9918.759623
4032.548034,-306.438199,518.144159,10362.883188
4032.548349,-229.828649,1332.370696,10510.924376
4032.548664,76.609550,1850.514855,10807.006753
4032.548979,689.485948,1850.514855,10584.944971
4032.549294,919.314598,1924.535449,10658.965565
4032.549609,1225.752797,1776.494261,10214.842000
4032.549924,1072.533697,1406.391290,10140.821405
4032.550239,1455.581446,592.164754,9992.780217
4032.550554,1302.362347,-0.000000,9178.553681
4032.550869,842.705048,-74.020594,9252.574275
4032.551185,459.657299,-740.205942,8660.409521
4032.551500,-306.438199,-888.247130,8586.388927
4032.551815,-766.095498,-888.247130,8586.388927
4032.552130,-995.924147,-592.164754,7994.224174
4032.552445,-1149.143247,-518.144159,8290.306550
4032.552760,-1608.800546,-222.061783,8586.388927
4032.553075,-1532.190996,-74.020594,9400.615463
4032.553390,-1302.362347,444.123565,9918.759623
4032.553705,-919.314598,370.102971,10066.800811
4032.554020,-536.266849,1332.370696,10807.006753
4032.554336,229.828649,1406.391290,10881.027347
4032.554651,459.657299,1554.432478,11399.171507
4032.554966,1149.143247,1332.370696,11177.109724
4032.555281,1455.581446,1628.453072,10288.862594
4032.555596,1532.190996,1332.370696,10066.800811
4032.555911,1762.019645,592.164754,9474.636058
4032.556226,1532.190996,444.123565,9178.553681
4032.556541,766.095498,148.041188,8512.368333
4032.556856,153.219100,-518.144159,7994.224174
4032.557171,-383.047749,-740.205942,8438.347739
4032.557486,-919.314598,-1110.308913,9030.512492
4032.557802,-1225.752797,-1406.391290,9178.553681
4032.558117,-1225.752797,-1628.453072,9474.636058
4032.558432,-1762.019645,-962.267725,9474.636058
4032.558747,-1532.190996,-666.185348,10140.821405
4032.559062,-1072.533697,296.082377,10658.965565
4032.559377,-459.657299,666.185348,10732.986159
4032.559692,76.609550,1406.391290,10288.862594
4032.560007,842.705048,1998.556043,10066.800811
4032.560322,1685.410096,2220.617826,10658.965565
4032.560637,1225.752797,1776.494261,10955.047942
4032.560953,1378.971896,1332.370696,10658.965565
4032.561268,1762.019645,296.082377,10288.862594
4032.561583,1378.971896,-0.000000,9696.697840
4032.561898,1225.752797,-814.226536,9252.574275
4032.562213,919.314598,-1110.308913,9326.594869
4032.562528,536.266849,-1036.288319,8438.347739
4032.562843,76.609550,-1850.514855,8438.347739
4032.563158,-229.828649,-1406.391290,7772.162391
4032.563473,-229.828649,-1110.308913,7698.141797
4032.563788,-612.876398,-1184.329507,8068.244768
4032.564104,-689.485948,-888.247130,8660.409521
4032.564419,-689.485948,-666.185348,9474.636058
4032.564734,-306.438199,-148.041188,9918.759623
4032.565049,-306.438199,-0.000000,9992.780217
4032.565364,0.000000,222.061783,10881.027347
4032.565679,383.047749,592.164754,11251.130318
4032.565994,842.705048,666.185348,10955.047942
4032.566309,1302.362347,1110.308913,10732.986159
4032.566624,1532.190996,962.267725,10510.924376
4032.566939,1608.800546,962.267725,9844.739029
4032.567254,1991.848295,296.082377,9030.512492
4032.567570,1991.848295,370.102971,8586.388927
4032.567885,1302.362347,-222.061783,8290.306550
4032.568200,766.095498,-592.164754,8068.244768
4032.568515,-229.828649,-1036.288319,8438.347739
4032.568830,-459.657299,-1332.370696,8438.347739
4032.569145,-689.485948,-1332.370696,8290.306550
4032.569460,-1225.752797,-1406.391290,8882.471304
4032.569775,-1762.019645,-1036.288319,9474.636058
4032.570090,-1608.800546,-962.267725,10214.842000
4032.570405,-1685.410096,-222.061783,10288.862594
4032.570721,-766.095498,222.061783,10510.924376
4032.571036,0.000000,1332.370696,10436.903782
4032.571351,153.219100,1850.514855,10214.842000
4032.571666,689.485948,2072.576638,10658.965565
4032.571981,919.314598,1628.453072,10510.924376
4032.572296,995.924147,1184.329507,10214.842000
4032.572611,1302.362347,1110.308913,9844.739029
4032.572926,1532.190996,666.185348,9696.697840
4032.573241,1072.533697,370.102971,9918.759623
4032.573556,766.095498,-444.123565,8882.471304
4032.573872,0.000000,-444.123565,8438.347739
4032.574187,-612.876398,-888.247130,8290.306550
4032.574502,-995.924147,-740.205942,8586.388927
4032.574817,-1378.971896,-370.102971,8512.368333
4032.575132,-1455.581446,-370.102971,8660.409521
4032.575447,-1685.410096,-296.082377,9104.533087
4032.575762,-1455.581446,-370.102971,9474.636058
4032.576077,-1685.410096,-0.000000,10214.842000
4032.576392,-842.705048,518.144159,10881.027347
4032.576707,-383.047749,1258.350101,10807.006753
4032.577022,459.657299,1406.391290,11029.068536
4032.577338,995.924147,2220.617826,11251.130318
4032.577653,1225.752797,2146.597232,10955.047942
4032.577968,1532.190996,2146.597232,10288.862594
4032.578283,2221.676944,2072.576638,9696.697840
4032.578598,1838.629195,1258.350101,9252.574275
4032.578913,1838.629195,888.247130,8734.430116
4032.579228,919.314598,-0.000000,8586.388927
4032.579543,229.828649,-666.185348,8438.347739
4032.579858,-842.705048,-962.267725,8956.491898
4032.580173,-1225.752797,-888.247130,9178.553681
4032.580489,-1378.971896,-1332.370696,9030.512492
4032.580804,-1455.581446,-1332.370696,9696.697840
4032.581119,-1608.800546,-814.226536,9474.636058
4032.581434,-1225.752797,-444.123565,9844.739029
4032.581749,-842.705048,222.061783,10436.903782
4032.582064,-459.657299,1258.350101,10140.821405
4032.582379,229.828649,1850.514855,10362.883188
4032.582694,536.266849,2072.576638,10288.862594
4032.583009,1302.362347,2368.659014,10288.862594
4032.583324,1225.752797,1776.494261,10362.883188
4032.583640,1532.190996,1554.432478,10214.842000
4032.583955,1455.581446,740.205942,10807.006753
4032.584270,1378.971896,-0.000000,9548.656652
4032.584585,1378.971896,-296.082377,9400.615463
4032.584900,766.095498,-814.226536,8734.430116
4032.585215,0.000000,-962.267725,8142.265362
4032.585530,-383.047749,-1036.288319,8586.388927
4032.585845,-306.438199,-1184.329507,8068.244768
4032.586160,-459.657299,-962.267725,8290.306550
4032.586475,-842.705048,-888.247130,8364.327145
4032.586790,-1149.143247,-962.267725,8660.409521
4032.587106,-1149.143247,-296.082377,9474.636058
4032.587421,-689.485948,222.061783,10214.842000
4032.587736,0.000000,814.226536,10362.883188
4032.588051,536.266849,1406.391290,10584.944971
4032.588366,689.485948,1628.453072,10732.986159
4032.588681,1072.533697,1406.391290,10658.965565
4032.588996,1302.362347,1332.370696,10732.986159
4032.589311,1072.533697,1258.350101,10214.842000
4032.589626,1685.410096,370.102971,9622.677246
4032.589941,1455.581446,444.123565,9770.718434
4032.590257,1072.533697,-0.000000,9178.553681
4032.590572,612.876398,-666.185348,8438.347739
4032.590887,0.000000,-1036.288319,8882.471304
4032.591202,-459.657299,-1258.350101,9030.512492
4032.591517,-383.047749,-1332.370696,9326.594869
4032.591832,-919.314598,-1258.350101,8882.471304
4032.592147,-1532.190996,-1406.391290,9104.533087
4032.592462,-1455.581446,-1036.288319,9696.697840
4032.592777,-1149.143247,-1110.308913,9992.780217
4032.593092,-842.705048,222.061783,10510.924376
4032.593408,-459.657299,592.164754,10658.965565
4032.593723,0.000000,962.267725,10584.944971
4032.594038,383.047749,1258.350101,9918.759623
4032.594353,766.095498,1406.391290,10584.944971
4032.594668,1149.143247,1110.308913,10732.986159
4032.594983,689.485948,666.185348,10288.862594
4032.595298,1072.533697,444.123565,9770.718434
4032.595613,1302.362347,-0.000000,9474.636058
4032.595928,842.705048,-296.082377,9030.512492
4032.596243,995.924147,-740.205942,8734.430116
4032.596558,0.000000,-1036.288319,8364.327145
4032.596874,-383.047749,-1332.370696,8438.347739
4032.597189,-306.438199,-1332.370696,8068.244768
4032.597504,-459.657299,-1036.288319,8216.285956
4032.597819,-919.314598,-518.144159,8290.306550
4032.598134,-1072.533697,-592.164754,8882.471304
4032.598449,-1149.143247,-370.102971,9474.636058
4032.598764,-919.314598,-0.000000,10140.821405
4032.599079,-306.438199,666.185348,10288.862594
4032.599394,0.000000,1258.350101,10732.986159
4032.599709,612.876398,1258.350101,10436.903782
4032.600025,1072.533697,1628.453072,10732.986159
4032.600340,1762.019645,1554.432478,10732.986159
4032.600655,1915.238745,1036.288319,10881.027347
4032.600970,1915.238745,962.267725,9992.780217
4032.601285,1838.629195,592.164754,9400.615463
4032.601600,1455.581446,370.102971,8734.430116
4032.601915,919.314598,-0.000000,8512.368333
4032.602230,76.609550,-518.144159,8586.388927
4032.602545,-306.438199,-1110.308913,8660.409521
4032.602860,-689.485948,-1184.329507,8142.265362
4032.603176,-1149.143247,-1036.288319,8808.450710
4032.603491,-1532.190996,-1036.288319,8882.471304
4032.603806,-1378.971896,-740.205942,9696.697840
4032.604121,-1378.971896,-74.020594,10066.800811
4032.604436,-1302.362347,-0.000000,10214.842000
4032.604751,-766.095498,962.267725,10140.821405
4032.605066,536.266849,1924.535449,10288.862594
4032.605381,612.876398,2072.576638,10955.047942
4032.605696,1149.143247,1998.556043,10658.965565
4032.606011,1378.971896,1998.556043,10362.883188
4032.606326,1455.581446,1924.535449,10510.924376
4032.606642,1608.800546,1480.411884,9548.656652
4032.606957,1762.019645,888.247130,9918.759623
4032.607272,1762.019645,740.205942,9400.615463
4032.607587,842.705048,-74.020594,8882.471304
4032.607902,0.000000,-666.185348,8512.368333
4032.608217,-689.485948,-666.185348,8660.409521
4032.608532,-842.705048,-740.205942,8660.409521
4032.608847,-1225.752797,-888.247130,8512.368333
4032.609162,-1378.971896,-888.247130,8956.491898
4032.609477,-1455.581446,-444.123565,9400.615463
4032.609793,-1072.533697,-0.000000,10362.883188
4032.610108,-919.314598,518.144159,9992.780217
4032.610423,-459.657299,1258.350101,10214.842000
4032.610738,76.609550,1850.514855,10807.006753
4032.611053,612.876398,1850.514855,10807.006753
4032.611368,1302.362347,1998.556043,11103.089130
4032.611683,1378.971896,1998.556043,10510.924376
4032.611998,1378.971896,1628.453072,10288.862594
4032.612313,1302.362347,1258.350101,9696.697840
4032.612628,1762.019645,518.144159,9548.656652
4032.612943,919.314598,-148.041188,9326.594869
4032.613259,459.657299,-740.205942,8734.430116
4032.613574,-459.657299,-962.267725,8142.265362
4032.613889,-766.095498,-1258.350101,8808.450710
4032.614204,-919.314598,-1628.453072,8808.450710
4032.614519,-1685.410096,-1554.432478,8956.491898
4032.614834,-1915.238745,-1554.432478,9030.512492
4032.615149,-1762.019645,-1184.329507,9474.636058
4032.615464,-842.705048,-888.247130,9918.759623
4032.615779,-766.095498,-222.061783,10436.903782
4032.616094,0.000000,1036.288319,10362.883188
4032.616410,229.828649,1110.308913,10214.842000
4032.616725,766.095498,1480.411884,10214.842000
4032.617040,1302.362347,1702.473667,10510.924376
4032.617355,1838.629195,1480.411884,10214.842000
4032.617670,1532.190996,888.247130,10140.821405
4032.617985,1608.800546,296.082377,9622.677246
4032.618300,1685.410096,-296.082377,9474.636058
4032.618615,1072.533697,-888.247130,9326.594869
4032.618930,229.828649,-1110.308913,8364.327145
4032.619245,-153.219100,-1406.391290,8660.409521
4032.619560,-383.047749,-1850.514855,8512.368333
4032.619875,-536.266849,-1702.473667,8512.368333
4032.620191,-536.266849,-1406.391290,8438.347739
4032.620506,-842.705048,-1110.308913,8364.327145
4032.620821,-1149.143247,-518.144159,9030.512492
4032.621136,-919.314598,-370.102971,9400.615463
4032.621451,-229.828649,296.082377,10288.862594
4032.621766,153.219100,592.164754,10362.883188
4032.622081,612.876398,1480.411884,10658.965565
4032.622396,1149.143247,1554.432478,10881.027347
4032.622711,1225.752797,1184.329507,10584.944971
4032.623026,1302.362347,1036.288319,10807.006753
4032.623341,1378.971896,814.226536,10140.821405
4032.623657,1302.362347,222.061783,10214.842000
4032.623972,1378.971896,-0.000000,9548.656652
4032.624287,1225.752797,-148.041188,8808.450710
4032.624602,76.609550,-1036.288319,9104.533087
4032.624917,-306.438199,-1258.350101,8586.388927
4032.625232,-459.657299,-1258.350101,8808.450710
4032.625547,-919.314598,-1184.329507,8808.450710
4032.625862,-995.924147,-1184.329507,8660.409521
4032.626177,-919.314598,-1110.308913,9326.594869
4032.626492,-1378.971896,-592.164754,9696.697840
4032.626807,-995.924147,-74.020594,10066.800811
4032.627123,-919.314598,370.102971,10066.800811
4032.627438,-459.657299,1110.308913,10288.862594
4032.627753,536.266849,1628.453072,10362.883188
4032.628068,766.095498,1406.391290,10584.944971
4032.628383,842.705048,1628.453072,10881.027347
4032.628698,919.314598,1480.411884,10881.027347
4032.629013,1225.752797,814.226536,10362.883188
4032.629328,995.924147,222.061783,9696.697840
4032.629643,1072.533697,-74.020594,9400.615463
4032.629958,1225.752797,-74.020594,9178.553681
4032.630273,612.876398,-444.123565,8586.388927
4032.630588,0.000000,-740.205942,8512.368333
4032.630904,-459.657299,-888.247130,8512.368333
4032.631219,-536.266849,-518.144159,8290.306550
4032.631534,-689.485948,-296.082377,8142.265362
4032.631849,-1378.971896,-148.041188,8586.388927
4032.632164,-842.705048,-370.102971,9326.594869
4032.632479,-1149.143247,-222.061783,10140.821405
4032.632794,-842.705048,370.102971,10362.883188
4032.633109,-229.828649,1258.350101,10510.924376
4032.633424,153.219100,1628.453072,10584.944971
4032.633739,383.047749,1776.494261,10955.047942
4032.634054,919.314598,1998.556043,10955.047942
4032.634370,1302.362347,1702.473667,10807.006753
4032.634685,1302.362347,1554.432478,9992.780217
4032.635000,1302.362347,1110.308913,9400.615463
4032.635315,1991.848295,592.164754,9474.636058
4032.635630,1149.143247,444.123565,8956.491898
4032.635945,689.485948,-296.082377,8734.430116
4032.636260,-229.828649,-740.205942,8660.409521
4032.636575,-612.876398,-888.247130,8586.388927
4032.636890,-919.314598,-1110.308913,8438.347739
4032.637205,-1072.533697,-888.247130,8808.450710
4032.637520,-1225.752797,-814.226536,9252.574275
4032.637836,-1608.800546,-592.164754,9474.636058
4032.638151,-1225.752797,-0.000000,9992.780217
4032.638466,-842.705048,814.226536,9696.697840
4032.638781,-536.266849,1332.370696,10288.862594
4032.639096,0.000000,1702.473667,10510.924376
4032.639411,459.657299,1702.473667,10658.965565
4032.639726,995.924147,1554.432478,10732.986159
4032.640041,1532.190996,1258.350101,10362.883188
4032.640356,1455.581446,1036.288319,10214.842000
4032.640671,1455.581446,814.226536,9992.780217
4032.640986,1532.190996,-0.000000,9326.594869
4032.641301,1302.362347,-518.144159,9104.533087
4032.641617,383.047749,-148.041188,9030.512492
4032.641932,0.000000,-666.185348,8734.430116
4032.642247,-459.657299,-740.205942,8660.409521
4032.642562,-919.314598,-814.226536,8216.285956
4032.642877,-1072.533697,-814.226536,8882.471304
4032.643192,-1532.190996,-1036.288319,9326.594869
4032.643507,-1225.752797,-666.185348,9844.739029
4032.643822,-1149.143247,-222.061783,10066.800811
4032.644137,-612.876398,592.164754,10436.903782
4032.644452,0.000000,1406.391290,10510.924376
4032.644767,383.047749,1480.411884,11029.068536
4032.645083,766.095498,1554.432478,10732.986159
4032.645398,1072.533697,1332.370696,10732.986159
4032.645713,1149.143247,1406.391290,10066.800811
4032.646028,1532.190996,592.164754,10288.862594
4032.646343,1378.971896,296.082377,9474.636058
4032.646658,1302.362347,-0.000000,9474.636058
4032.646973,842.705048,-592.164754,8660.409521
4032.647288,459.657299,-962.267725,8290.306550
4032.647603,-689.485948,-1258.350101,8734.430116
4032.647918,-536.266849,-1480.411884,8956.491898
4032.648233,-689.485948,-1480.411884,8660.409521
4032.648549,-842.705048,-1406.391290,8142.265362
4032.648864,-1149.143247,-962.267725,8734.430116
4032.649179,-1225.752797,-814.226536,9104.533087
4032.649494,-842.705048,-444.123565,9622.677246
4032.649809,-383.047749,-0.000000,9992.780217
4032.650124,153.219100,222.061783,10362.883188
4032.650439,76.609550,1184.329507,10955.047942
4032.650754,1072.533697,1332.370696,10436.903782
4032.651069,1532.190996,1258.350101,10362.883188
4032.651384,1762.019645,1036.288319,10436.903782
4032.651699,1685.410096,740.205942,9844.739029
4032.652014,1915.238745,518.144159,9474.636058
4032.652330,1838.629195,-0.000000,9474.636058
4032.652645,1455.581446,-148.041188,8734.430116
4032.652960,689.485948,-592.164754,8216.285956
4032.653275,0.000000,-814.226536,7994.224174
4032.653590,0.000000,-1036.288319,8512.368333
4032.653905,0.000000,-1332.370696,8808.450710
4032.654220,-842.705048,-888.247130,8586.388927
4032.654535,-1302.362347,-962.267725,9178.553681
4032.654850,-1225.752797,-740.205942,9474.636058
4032.655165,-1302.362347,-0.000000,9918.759623
4032.655480,-689.485948,444.123565,10584.944971
4032.655796,0.000000,1036.288319,10807.006753
4032.656111,383.047749,1554.432478,10362.883188
4032.656426,306.438199,1702.473667,10362.883188
4032.656741,995.924147,1628.453072,10807.006753
4032.657056,1225.752797,1110.308913,10510.924376
4032.657371,766.095498,814.226536,10362.883188
4032.657686,1302.362347,592.164754,9770.718434
4032.658001,1302.362347,370.102971,9474.636058
4032.658316,919.314598,-0.000000,9030.512492
4032.658631,612.876398,-518.144159,8660.409521
4032.658946,-536.266849,-888.247130,8882.471304
4032.659262,-919.314598,-1184.329507,8586.388927
4032.659577,-842.705048,-814.226536,8586.388927
4032.659892,-1072.533697,-962.267725,8660.409521
4032.660207,-1685.410096,-740.205942,9326.594869
4032.660522,-1532.190996,-666.185348,9326.594869
4032.660837,-1532.190996,-0.000000,9844.739029
4032.661152,-842.705048,592.164754,10807.006753
4032.661467,-153.219100,962.267725,10658.965565
4032.661782,-229.828649,1998.556043,10510.924376
4032.662097,536.266849,1480.411884,11029.068536
4032.662412,995.924147,1850.514855,10658.965565
4032.662727,1378.971896,1850.514855,10288.862594
4032.663043,1455.581446,1628.453072,10066.800811
4032.663358,1685.410096,1036.288319,9548.656652
4032.663673,1608.800546,592.164754,9326.594869
4032.663988,995.924147,518.144159,8438.347739
4032.664303,229.828649,-296.082377,8438.347739
4032.664618,-306.438199,-666.185348,8808.450710
4032.664933,-1149.143247,-1258.350101,9030.512492
4032.665248,-995.924147,-1036.288319,8808.450710
4032.665563,-1378.971896,-1036.288319,8882.471304
4032.665878,-1378.971896,-740.205942,9178.553681
4032.666193,-1378.971896,-222.061783,9474.636058
4032.666509,-1149.143247,222.061783,10658.965565
4032.666824,-612.876398,814.226536,10140.821405
4032.667139,-306.438199,1480.411884,10288.862594
4032.667454,306.438199,1850.514855,10510.924376
4032.667769,689.485948,1998.556043,10955.047942
4032.668084,1608.800546,1184.329507,11177.109724
4032.668399,1149.143247,1332.370696,10288.862594
4032.668714,1302.362347,962.267725,10066.800811
4032.669029,1685.410096,518.144159,9622.677246
4032.669344,1532.190996,-0.000000,9474.636058
4032.669659,1149.143247,-444.123565,8956.491898
4032.669975,76.609550,-740.205942,8438.347739
4032.670290,-459.657299,-814.226536,8438.347739
4032.670605,-689.485948,-1184.329507,8586.388927
4032.670920,-612.876398,-1258.350101,8512.368333
4032.671235,-1455.581446,-1184.329507,8438.347739
4032.671550,-1302.362347,-888.247130,9178.553681
4032.671865,-1455.581446,-444.123565,9918.759623
4032.672180,-919.314598,-0.000000,10362.883188
4032.672495,-612.876398,592.164754,10214.842000
4032.672810,-229.828649,888.247130,10955.047942
4032.673125,306.438199,1554.432478,10658.965565
4032.673440,1072.533697,1258.350101,10732.986159
4032.673756,1072.533697,1628.453072,10732.986159
4032.674071,1608.800546,1332.370696,10510.924376
4032.674386,1532.190996,1332.370696,10214.842000
4032.674701,1302.362347,962.267725,9622.677246
4032.675016,1302.362347,296.082377,9326.594869
4032.675331,995.924147,-222.061783,9104.533087
4032.675646,229.828649,-592.164754,9252.574275
4032.675961,-689.485948,-1258.350101,9178.553681
4032.676276,-536.266849,-1554.432478,9030.512492
4032.676591,-612.876398,-1332.370696,8882.471304
4032.676906,-842.705048,-1258.350101,8808.450710
4032.677222,-919.314598,-1480.411884,9326.594869
4032.677537,-842.705048,-518.144159,9474.636058
4032.677852,-689.485948,-0.000000,9622.677246
4032.678167,-229.828649,444.123565,9992.780217
4032.678482,459.657299,1036.288319,10140.821405
4032.678797,306.438199,962.267725,10807.006753
4032.679112,842.705048,1036.288319,10436.903782
4032.679427,1149.143247,1184.329507,10658.965565
4032.679742,1225.752797,888.247130,10362.883188
4032.680057,2145.067394,296.082377,10066.800811
4032.680372,1532.190996,-148.041188,9622.677246
4032.680688,1455.581446,-518.144159,8956.491898
4032.681003,1072.533697,-518.144159,8734.430116
4032.681318,306.438199,-518.144159,8142.265362
4032.681633,0.000000,-1480.411884,8068.244768
4032.681948,-383.047749,-1258.350101,8290.306550
4032.682263,-842.705048,-888.247130,8290.306550
4032.682578,-766.095498,-1258.350101,8586.388927
4032.682893,-995.924147,-962.267725,9104.533087
4032.683208,-1302.362347,-666.185348,9474.636058
4032.683523,-1225.752797,-370.102971,9770.718434
4032.683838,-766.095498,-0.000000,10362.883188
4032.684153,-229.828649,740.205942,10807.006753
4032.684469,459.657299,1258.350101,10807.006753
4032.684784,842.705048,1480.411884,10732.986159
4032.685099,1225.752797,1628.453072,10881.027347
4032.685414,1149.143247,1554.432478,9918.759623
4032.685729,2145.067394,1258.350101,9474.636058
4032.686044,1378.971896,814.226536,9400.615463
4032.686359,1455.581446,222.061783,9104.533087
4032.686674,1149.143247,-0.000000,8956.491898
4032.686989,536.266849,-592.164754,8364.327145
4032.687304,-306.438199,-1110.308913,8438.347739
4032.687619,-612.876398,-1332.370696,9030.512492
4032.687935,-1225.752797,-1036.288319,8586.388927
4032.688250,-1302.362347,-1110.308913,8882.471304
4032.688565,-1608.800546,-666.185348,9030.512492
4032.688880,-1685.410096,-74.020594,9400.615463
4032.689195,-689.485948,-0.000000,9548.656652
4032.689510,-1149.143247,740.205942,10436.903782
4032.689825,-383.047749,1628.453072,10732.986159
4032.690140,306.438199,1702.473667,10732.986159
4032.690455,536.266849,2220.617826,10584.944971
4032.690770,1072.533697,1998.556043,10732.986159
4032.691085,1378.971896,1628.453072,10510.924376
4032.691401,1455.581446,1480.411884,10584.944971
4032.691716,1608.800546,814.226536,9992.780217
4032.692031,1072.533697,592.164754,9548.656652
4032.692346,1378.971896,-74.020594,9326.594869
4032.692661,459.657299,-444.123565,8660.409521
4032.692976,-383.047749,-666.185348,8438.347739
4032.693291,-766.095498,-740.205942,8438.347739
4032.693606,-459.657299,-1036.288319,8512.368333
4032.693921,-1072.533697,-666.185348,8808.450710
4032.694236,-1378.971896,-666.185348,9030.512492
4032.694551,-1302.362347,-148.041188,9696.697840
4032.694866,-1225.752797,296.082377,10066.800811
4032.695182,-459.657299,666.185348,10362.883188
4032.695497,153.219100,1554.432478,11103.089130
4032.695812,536.266849,1850.514855,10658.965565
4032.696127,1149.143247,2072.576638,10658.965565
4032.696442,1455.581446,1924.535449,10436.903782
4032.696757,2221.676944,1998.556043,10288.862594
4032.697072,2068.457845,1480.411884,9844.739029
4032.697387,1455.581446,962.267725,9252.574275
4032.697702,1455.581446,370.102971,9178.553681
4032.698017,919.314598,-74.020594,8734.430116
4032.698332,0.000000,-888.247130,8660.409521
4032.698648,-229.828649,-1480.411884,8808.450710
4032.698963,-995.924147,-1332.370696,8660.409521
4032.699278,-1225.752797,-1036.288319,8586.388927
4032.699593,-1532.190996,-1110.308913,8660.409521
4032.699908,-1378.971896,-222.061783,9400.615463
4032.700223,-1532.190996,-296.082377,9474.636058
4032.700538,-919.314598,296.082377,9696.697840
4032.700853,-536.266849,814.226536,9992.780217
4032.701168,76.609550,1332.370696,10362.883188
4032.701483,383.047749,1554.432478,10362.883188
4032.701798,1072.533697,1776.494261,10658.965565
4032.702114,919.314598,1258.350101,10881.027347
4032.702429,1455.581446,1110.308913,10658.965565
4032.702744,995.924147,518.144159,9844.739029
4032.703059,1302.362347,-0.000000,9918.759623
4032.703374,995.924147,-370.102971,9548.656652
4032.703689,689.485948,-592.164754,8956.491898
4032.704004,0.000000,-1258.350101,7920.203579
4032.704319,0.000000,-1406.391290,8808.450710
4032.704634,-689.485948,-1258.350101,8734.430116
4032.704949,-1072.533697,-1628.453072,8216.285956
4032.705264,-1455.581446,-1258.350101,8808.450710
4032.705579,-1455.581446,-1036.288319,9326.594869
4032.705895,-842.705048,-444.123565,9548.656652
4032.706210,-766.095498,148.041188,10584.944971
4032.706525,-229.828649,518.144159,10510.924376
4032.706840,229.828649,1036.288319,10584.944971
4032.707155,919.314598,1184.329507,10584.944971
4032.707470,1149.143247,1036.288319,10732.986159
4032.707785,1532.190996,1184.329507,10584.944971
4032.708100,1149.143247,1258.350101,10288.862594
4032.708415,1762.019645,962.267725,9992.780217
4032.708730,1532.190996,296.082377,9474.636058
4032.709045,1455.581446,-0.000000,9326.594869
4032.709361,842.705048,-592.164754,8956.491898
4032.709676,153.219100,-1036.288319,8364.327145
4032.709991,-383.047749,-1258.350101,8512.368333
4032.710306,-766.095498,-1554.432478,8438.347739
4032.710621,-1149.143247,-1628.453072,9030.512492
4032.710936,-995.924147,-1184.329507,8882.471304
4032.711251,-842.705048,-888.247130,9104.533087
4032.711566,-1302.362347,-296.082377,9548.656652
4032.711881,-842.705048,-0.000000,9696.697840
4032.712196,-229.828649,666.185348,10362.883188
4032.712511,76.609550,962.267725,10140.821405
4032.712827,689.485948,962.267725,10584.944971
4032.713142,612.876398,1554.432478,10881.027347
4032.713457,1302.362347,1258.350101,10436.903782
4032.713772,1838.629195,666.185348,10732.986159
4032.714087,1455.581446,666.185348,9844.739029
4032.714402,1685.410096,222.061783,9326.594869
4032.714717,1455.581446,-0.000000,8808.450710
4032.715032,995.924147,-370.102971,8586.388927
4032.715347,153.219100,-518.144159,8142.265362
4032.715662,-383.047749,-1110.308913,8216.285956
4032.715977,-612.876398,-814.226536,8216.285956
4032.716293,-995.924147,-888.247130,8216.285956
4032.716608,-1378.971896,-1036.288319,8586.388927
4032.716923,-1455.581446,-962.267725,9104.533087
4032.717238,-1608.800546,-444.123565,9844.739029
4032.717553,-1149.143247,296.082377,10510.924376
4032.717868,-689.485948,592.164754,10658.965565
4032.718183,0.000000,1406.391290,10732.986159
4032.718498,612.876398,1776.494261,10807.006753
4032.718814,919.314598,2072.576638,11029.068536
4032.719129,1149.143247,1776.494261,10510.924376
4032.719444,1685.410096,1924.535449,10214.842000
4032.719759,1455.581446,2072.576638,10288.862594
4032.720074,1378.971896,814.226536,9400.615463
4032.720389,1302.362347,1184.329507,9252.574275
4032.720704,459.657299,222.061783,8956.491898
4032.721019,0.000000,-666.185348,8364.327145
4032.721335,-842.705048,-962.267725,9030.512492
4032.721650,-1225.752797,-1036.288319,9030.512492
4032.721965,-1608.800546,-1110.308913,8808.450710
4032.722280,-1685.410096,-814.226536,9030.512492
4032.722595,-1762.019645,-296.082377,9696.697840
4032.722910,-1302.362347,-0.000000,10288.862594
4032.723225,-842.705048,888.247130,9992.780217
4032.723540,0.000000,1406.391290,10140.821405
4032.723856,229.828649,1850.514855,10955.047942
4032.724171,919.314598,2294.638420,10732.986159
4032.724486,1225.752797,2146.597232,11103.089130
4032.724801,1608.800546,1776.494261,10658.965565
4032.725116,1991.848295,1480.411884,10362.883188
4032.725431,1991.848295,1036.288319,9992.780217
4032.725746,1991.848295,518.144159,9326.594869
4032.726062,1455.581446,296.082377,9252.574275
4032.726377,459.657299,-222.061783,8512.368333
4032.726692,0.000000,-962.267725,8438.347739
4032.727007,0.000000,-1258.350101,8808.450710
4032.727322,-1072.533697,-1628.453072,8438.347739
4032.727637,-1225.752797,-1332.370696,8734.430116
4032.727952,-1532.190996,-1036.288319,9104.533087
4032.728267,-1608.800546,-814.226536,9696.697840
4032.728583,-1149.143247,-370.102971,9844.739029
4032.728898,-689.485948,222.061783,10362.883188
4032.729213,0.000000,888.247130,10881.027347
4032.729528,612.876398,1554.432478,10807.006753
4032.729843,995.924147,1850.514855,10955.047942
4032.730158,995.924147,1702.473667,10436.903782
4032.730473,1225.752797,1924.535449,10362.883188
4032.730788,1608.800546,1628.453072,9844.739029
4032.731104,1302.362347,814.226536,9622.677246
4032.731419,1455.581446,148.041188,9696.697840
4032.731734,919.314598,-518.144159,9178.553681
4032.732049,383.047749,-1036.288319,9030.512492
4032.732364,-459.657299,-1554.432478,8808.450710
4032.732679,-766.095498,-1776.494261,8882.471304
4032.732994,-1302.362347,-1776.494261,8882.471304
4032.733309,-1302.362347,-1776.494261,8438.347739
4032.733625,-1149.143247,-1258.350101,8956.491898
4032.733940,-1072.533697,-592.164754,8734.430116
4032.734255,-919.314598,-148.041188,9104.533087
4032.734570,0.000000,222.061783,9844.739029
4032.734885,-153.219100,814.226536,9918.759623
4032.735200,306.438199,1036.288319,10436.903782
4032.735515,612.876398,1036.288319,10807.006753
4032.735830,1149.143247,1184.329507,10807.006753
4032.736146,1378.971896,1184.329507,11029.068536
4032.736461,1072.533697,370.102971,10584.944971
4032.736776,1149.143247,444.123565,10584.944971
4032.737091,1378.971896,-74.020594,9474.636058
4032.737406,1302.362347,-666.185348,9104.533087
4032.737721,383.047749,-592.164754,8290.306550
4032.738036,0.000000,-888.247130,8142.265362
4032.738351,-229.828649,-1332.370696,8660.409521
4032.738667,-689.485948,-1332.370696,8438.347739
4032.738982,-995.924147,-1406.391290,8364.327145
4032.739297,-842.705048,-1332.370696,8808.450710
4032.739612,-1378.971896,-1554.432478,9548.656652
4032.739927,-842.705048,-592.164754,10214.842000
4032.740242,-689.485948,-0.000000,10436.903782
4032.740557,0.000000,592.164754,10584.944971
4032.740872,306.438199,1258.350101,11325.150913
4032.741188,766.095498,1258.350101,10658.965565
4032.741503,842.705048,1850.514855,10510.924376
4032.741818,1455.581446,1702.473667,10362.883188
4032.742133,1532.190996,1554.432478,10140.821405
4032.742448,1302.362347,666.185348,9696.697840
4032.742763,1685.410096,518.144159,9178.553681
4032.743078,1455.581446,-74.020594,9252.574275
4032.743393,459.657299,-222.061783,8660.409521
4032.743709,0.000000,-962.267725,8364.327145
4032.744024,-383.047749,-1184.329507,8586.388927
4032.744339,-612.876398,-1258.350101,8882.471304
4032.744654,-842.705048,-1036.288319,8216.285956
4032.744969,-1378.971896,-1110.308913,8734.430116
4032.745284,-1532.190996,-296.082377,9252.574275
4032.745599,-1838.629195,-0.000000,9474.636058
4032.745914,-1149.143247,370.102971,9844.739029
4032.746230,-536.266849,814.226536,10510.924376
4032.746545,153.219100,1258.350101,10362.883188
4032.746860,842.705048,1924.535449,10510.924376
4032.747175,1149.143247,2072.576638,10881.027347
4032.747490,1225.752797,1776.494261,11251.130318
4032.747805,1532.190996,1702.473667,10066.800811
4032.748120,1608.800546,1406.391290,9918.759623
4032.748435,1378.971896,888.247130,9474.636058
4032.748751,1302.362347,666.185348,8882.471304
4032.749066,612.876398,-0.000000,8808.450710
4032.749381,-306.438199,-592.164754,8734.430116
4032.749696,-1072.533697,-962.267725,8586.388927
4032.750011,-1685.410096,-1036.288319,8290.306550
4032.750326,-1378.971896,-962.267725,8660.409521
4032.750641,-1915.238745,-814.226536,9622.677246
4032.750957,-1762.019645,-296.082377,9992.780217
4032.751272,-1378.971896,-0.000000,10214.842000
4032.751587,-689.485948,814.226536,10510.924376
4032.751902,-153.219100,1628.453072,10584.944971
4032.752217,306.438199,1998.556043,10658.965565
4032.752532,919.314598,2294.638420,10881.027347
4032.752847,1608.800546,2516.700203,11103.089130
4032.753162,1838.629195,2368.659014,10214.842000
4032.753478,2068.457845,1628.453072,10140.821405
4032.753793,1225.752797,1184.329507,9992.780217
4032.754108,919.314598,666.185348,9474.636058
4032.754423,689.485948,-0.000000,9178.553681
4032.754738,306.438199,-1036.288319,8808.450710
4032.755053,-766.095498,-1850.514855,9400.615463
4032.755368,-1302.362347,-1628.453072,8956.491898
4032.755683,-1302.362347,-1332.370696,8882.471304
4032.755999,-1378.971896,-1110.308913,8734.430116
4032.756314,-1455.581446,-444.123565,8956.491898
4032.756629,-1149.143247,-74.020594,9474.636058
4032.756944,-612.876398,370.102971,9622.677246
4032.757259,-153.219100,814.226536,10140.821405
4032.757574,0.000000,1628.453072,9918.759623
4032.757889,842.705048,1332.370696,10362.883188
4032.758204,1225.752797,1776.494261,10955.047942
4032.758520,1685.410096,1184.329507,10658.965565
4032.758835,1302.362347,1332.370696,10510.924376
4032.759150,1455.581446,814.226536,10214.842000
4032.759465,1991.848295,-0.000000,9770.718434
4032.759780,1762.019645,-148.041188,9474.636058
4032.760095,919.314598,-222.061783,8882.471304
4032.760410,229.828649,-666.185348,8364.327145
4032.760725,-459.657299,-1184.329507,8290.306550
4032.761041,-612.876398,-1480.411884,8364.327145
4032.761356,-612.876398,-1702.473667,8734.430116
4032.761671,-919.314598,-1406.391290,8586.388927
4032.761986,-1302.362347,-1258.350101,9252.574275
4032.762301,-995.924147,-814.226536,9770.718434
4032.762616,-612.876398,-444.123565,10362.883188
4032.762931,0.000000,148.041188,10140.821405
4032.763246,0.000000,888.247130,10066.800811
4032.763562,766.095498,1258.350101,10955.047942
4032.763877,1072.533697,1110.308913,10362.883188
4032.764192,1302.362347,1406.391290,10584.944971
4032.764507,1378.971896,1332.370696,10436.903782
4032.764822,1072.533697,740.205942,9844.739029
4032.765137,1378.971896,148.041188,9548.656652
4032.765452,1532.190996,-222.061783,9474.636058
4032.765767,842.705048,-1110.308913,9252.574275
4032.766083,306.438199,-1184.329507,8882.471304
4032.766398,-306.438199,-1406.391290,8512.368333
4032.766713,-383.047749,-1554.432478,8660.409521
4032.767028,-689.485948,-1258.350101,8586.388927
4032.767343,-919.314598,-1332.370696,8512.368333
4032.767658,-766.095498,-888.247130,8808.450710
4032.767973,-536.266849,-592.164754,9030.512492
4032.768288,-766.095498,-0.000000,9326.594869
4032.768604,-153.219100,148.041188,9696.697840
4032.768919,-306.438199,1036.288319,10510.924376
4032.769234,229.828649,888.247130,10658.965565
4032.769549,383.047749,1110.308913,10658.965565
4032.769864,689.485948,888.247130,10955.047942
4032.770179,689.485948,1480.411884,11251.130318
4032.770494,1149.143247,666.185348,10140.821405
4032.770809,1685.410096,592.164754,9918.759623
4032.771125,1378.971896,296.082377,9474.636058
4032.771440,842.705048,666.185348,8586.388927
4032.771755,459.657299,-0.000000,7994.224174
4032.772070,0.000000,-296.082377,8364.327145
4032.772385,-459.657299,-888.247130,8512.368333
4032.772700,-766.095498,-740.205942,8216.285956
4032.773015,-1302.362347,-1110.308913,8438.347739
4032.773330,-1608.800546,-888.247130,9474.636058
4032.773646,-1685.410096,-518.144159,9844.739029
4032.773961,-1762.019645,148.041188,10066.800811
4032.774276,-229.828649,518.144159,10658.965565
4032.774591,-306.438199,1258.350101,10881.027347
4032.774906,229.828649,1776.494261,10288.862594
4032.775221,536.266849,2220.617826,10732.986159
4032.775536,1072.533697,2146.597232,10436.903782
4032.775851,612.876398,2368.659014,9918.759623
4032.776167,1225.752797,1628.453072,9474.636058
4032.776482,1302.362347,1332.370696,9622.677246
4032.776797,1302.362347,888.247130,9326.594869
4032.777112,689.485948,-74.020594,8882.471304
4032.777427,0.000000,-592.164754,8882.471304
4032.777742,-612.876398,-740.205942,8882.471304
4032.778057,-459.657299,-962.267725,8956.491898
4032.778373,-1072.533697,-1036.288319,8660.409521
4032.778688,-1378.971896,-740.205942,8882.471304
4032.779003,-1685.410096,-518.144159,8734.430116
4032.779318,-919.314598,-0.000000,9474.636058
4032.779633,-842.705048,444.123565,9770.718434
4032.779948,-459.657299,1332.370696,10288.862594
4032.780263,0.000000,1554.432478,10066.800811
4032.780578,229.828649,1480.411884,10807.006753
4032.780894,1225.752797,1998.556043,11473.192101
4032.781209,1455.581446,1628.453072,11251.130318
4032.781524,1455.581446,1332.370696,10732.986159
4032.781839,1685.410096,962.267725,10584.944971
4032.782154,1762.019645,962.267725,9918.759623
4032.782469,1685.410096,666.185348,8882.471304
4032.782784,1302.362347,-0.000000,8586.388927
4032.783099,153.219100,-0.000000,8290.306550
4032.783415,-612.876398,-518.144159,8734.430116
4032.783730,-1378.971896,-1480.411884,8660.409521
4032.784045,-1149.143247,-1332.370696,8660.409521
4032.784360,-1302.362347,-1036.288319,9326.594869
4032.784675,-1685.410096,-1110.308913,9622.677246
4032.784990,-1685.410096,-888.247130,10362.883188
4032.785305,-919.314598,-74.020594,10436.903782
4032.785620,-383.047749,740.205942,10362.883188
4032.785936,0.000000,1184.329507,10658.965565
4032.786251,536.266849,1554.432478,10584.944971
4032.786566,1532.190996,1850.514855,10436.903782
4032.786881,1532.190996,1776.494261,10362.883188
4032.787196,1838.629195,1258.350101,9844.739029
4032.787511,1532.190996,814.226536,9770.718434
4032.787826,1225.752797,222.061783,9474.636058
4032.788141,1149.143247,-148.041188,9474.636058
4032.788457,919.314598,-814.226536,8734.430116
4032.788772,76.609550,-1332.370696,8586.388927
4032.789087,-306.438199,-1702.473667,9178.553681
4032.789402,-459.657299,-1628.453072,8808.450710
4032.789717,-229.828649,-1776.494261,8438.347739
4032.790032,-919.314598,-1258.350101,8660.409521
4032.790347,-1072.533697,-1184.329507,8882.471304
4032.790662,-995.924147,-888.247130,9474.636058
4032.790978,-536.266849,-370.102971,9474.636058
4032.791293,0.000000,-0.000000,9548.656652
4032.791608,0.000000,666.185348,9844.739029
4032.791923,766.095498,1258.350101,10584.944971
4032.792238,1072.533697,962.267725,10955.047942
4032.792553,1608.800546,592.164754,10584.944971
4032.792868,1991.848295,518.144159,10362.883188
4032.793183,1225.752797,370.102971,9770.718434
4032.793499,1455.581446,222.061783,9474.636058
4032.793814,1532.190996,-0.000000,9326.594869
4032.794129,1225.752797,-666.185348,8734.430116
4032.794444,383.047749,-888.247130,7994.224174
4032.794759,-306.438199,-1258.350101,7994.224174
4032.795074,-383.047749,-1110.308913,8438.347739
4032.795389,-842.705048,-1184.329507,8586.388927
4032.795704,-919.314598,-962.267725,8882.471304
4032.796020,-1608.800546,-1184.329507,9474.636058
4032.796335,-1455.581446,-814.226536,9696.697840
4032.796650,-995.924147,-0.000000,10584.944971
4032.796965,-383.047749,296.082377,10658.965565
4032.797280,76.609550,1258.350101,10510.924376
4032.797595,459.657299,1406.391290,10140.821405
4032.797910,842.705048,1554.432478,10140.821405
4032.798225,1225.752797,1628.453072,10510.924376
4032.798541,1225.752797,1554.432478,10066.800811
4032.798856,919.314598,814.226536,9844.739029
4032.799171,1149.143247,518.144159,9696.697840
4032.799486,995.924147,-0.000000,9178.553681
4032.799801,995.924147,-222.061783,9030.512492
4032.800116,0.000000,-888.247130,8882.471304
4032.800431,0.000000,-888.247130,8660.409521
4032.800746,-842.705048,-814.226536,8290.306550
4032.801062,-1302.362347,-740.205942,8734.430116
4032.801377,-1149.143247,-814.226536,9104.533087
4032.801692,-1455.581446,-222.061783,9178.553681
4032.802007,-1378.971896,-222.061783,9178.553681
4032.802322,-842.705048,592.164754,9844.739029
4032.802637,-536.266849,1110.308913,10436.903782
4032.802952,0.000000,1628.453072,10732.986159
4032.803268,536.266849,1480.411884,10807.006753
4032.803583,995.924147,1998.556043,11103.089130
4032.803898,1378.971896,1998.556043,10807.006753
4032.804213,1685.410096,1702.473667,10140.821405
4032.804528,1532.190996,1554.432478,10288.862594
4032.804843,1608.800546,1036.288319,9696.697840
4032.805158,1532.190996,518.144159,9178.553681
4032.805473,919.314598,-0.000000,8808.450710
4032.805789,459.657299,-74.020594,8364.327145
4032.806104,-306.438199,-592.164754,8882.471304
4032.806419,-536.266849,-1110.308913,8660.409521
4032.806734,-995.924147,-740.205942,8734.430116
4032.807049,-1378.971896,-814.226536,9104.533087
4032.807364,-1225.752797,-518.144159,9622.677246
4032.807679,-1149.143247,-74.020594,10066.800811
4032.807994,-459.657299,296.082377,10140.821405
4032.808310,-229.828649,1258.350101,10288.862594
4032.808625,383.047749,1554.432478,10658.965565
4032.808940,536.266849,1776.494261,10510.924376
4032.809255,842.705048,1924.535449,10436.903782
4032.809570,1149.143247,2072.576638,10288.862594
4032.809885,1455.581446,1628.453072,10140.821405
4032.810200,1378.971896,962.267725,9770.718434
4032.810515,1225.752797,518.144159,9326.594869
4032.810831,1149.143247,-148.041188,9178.553681
4032.811146,1072.533697,-666.185348,8956.491898
4032.811461,0.000000,-962.267725,8068.244768
4032.811776,-689.485948,-1406.391290,8586.388927
4032.812091,-766.095498,-1406.391290,8808.450710
4032.812406,-612.876398,-1258.350101,8216.285956
4032.812721,-1532.190996,-1036.288319,8438.347739
4032.813036,-1302.362347,-814.226536,8956.491898
4032.813352,-1302.362347,-222.061783,9696.697840
4032.813667,-995.924147,-0.000000,10066.800811
4032.813982,-842.705048,148.041188,10214.842000
4032.814297,-229.828649,888.247130,10658.965565
4032.814612,612.876398,1480.411884,10436.903782
4032.814927,612.876398,1184.329507,10732.986159
4032.815242,919.314598,1258.350101,10881.027347
4032.815557,995.924147,1110.308913,10732.986159
4032.815872,1072.533697,740.205942,9622.677246
4032.816188,1455.581446,-0.000000,9622.677246
4032.816503,1302.362347,-0.000000,9474.636058
4032.816818,689.485948,-740.205942,9030.512492
4032.817133,76.609550,-888.247130,8364.327145
4032.817448,-383.047749,-1332.370696,8586.388927
4032.817763,-383.047749,-1110.308913,8808.450710
4032.818078,-612.876398,-1406.391290,8512.368333
4032.818393,-995.924147,-1702.473667,8808.450710
4032.818708,-1149.143247,-1036.288319,9622.677246
4032.819023,-1302.362347,-666.185348,9696.697840
4032.819339,-689.485948,-444.123565,10066.800811
4032.819654,0.000000,370.102971,10214.842000
4032.819969,0.000000,592.164754,10066.800811
4032.820284,536.266849,962.267725,10510.924376
4032.820599,995.924147,1406.391290,10732.986159
4032.820914,1149.143247,1702.473667,10436.903782
4032.821229,1685.410096,1406.391290,9992.780217
4032.821544,1302.362347,666.185348,9770.718434
4032.821859,1455.581446,666.185348,9104.533087
4032.822175,1225.752797,-0.000000,8734.430116
4032.822490,689.485948,-666.185348,8808.450710
4032.822805,-306.438199,-888.247130,8734.430116
4032.823120,-1072.533697,-1110.308913,8660.409521
4032.823435,-995.924147,-888.247130,8290.306550
4032.823750,-1762.019645,-962.267725,8142.265362
4032.824065,-1838.629195,-518.144159,8734.430116
4032.824380,-2145.067394,-666.185348,9178.553681
4032.824695,-2298.286494,-0.000000,9770.718434
4032.825011,-1838.629195,740.205942,10066.800811
4032.825326,-1378.971896,1628.453072,10214.842000
4032.825641,-842.705048,1850.514855,9696.697840
4032.825956,-766.095498,2442.679609,10436.903782
4032.826271,-459.657299,2590.720797,10584.944971
4032.826586,-383.047749,2294.638420,9918.759623
4032.826901,-229.828649,2442.679609,9918.759623
4032.827216,-306.438199,2294.638420,9918.759623
4032.827531,-612.876398,1998.556043,9844.739029
4032.827847,-842.705048,1702.473667,9474.636058
4032.828162,-995.924147,1036.288319,8660.409521
4032.828477,-1608.800546,888.247130,8808.450710
4032.828792,-2068.457845,1258.350101,9178.553681
4032.829107,-2451.505594,592.164754,9104.533087
4032.829422,-2604.724693,962.267725,9252.574275
4032.829737,-2451.505594,1036.288319,9178.553681
4032.830052,-2451.505594,1110.308913,9252.574275
4032.830367,-2451.505594,1850.514855,9400.615463
4032.830683,-2528.115143,2960.823768,9326.594869
4032.830998,-1608.800546,3330.926739,9104.533087
4032.831313,-1378.971896,3775.050304,9104.533087
4032.831628,-1685.410096,4145.153275,9400.615463
4032.831943,-1838.629195,4293.194464,9326.594869
4032.832258,-1838.629195,3923.091493,9770.718434
4032.832573,-2451.505594,3849.070898,10362.883188
4032.832888,-2528.115143,3256.906145,10362.883188
4032.833203,-3140.991542,2294.638420,10436.903782
4032.833519,-3064.381992,2220.617826,11399.171507
4032.833834,-2757.943793,2368.659014,11103.089130
4032.834149,-2451.505594,2516.700203,10881.027347
4032.834464,-2068.457845,2664.741391,10288.862594
4032.834779,-1455.581446,2960.823768,9992.780217
4032.835094,-919.314598,3478.967927,9696.697840
4032.835409,-306.438199,3256.906145,9104.533087
4032.835724,0.000000,3552.988522,8956.491898
4032.836039,-76.609550,3849.070898,8734.430116
4032.836354,0.000000,3775.050304,8512.368333
4032.836670,229.828649,3404.947333,9252.574275
4032.836985,-1225.752797,2886.803174,9326.594869
4032.837300,-1608.800546,2664.741391,9696.697840
4032.837615,-2374.896044,2664.741391,10584.944971
4032.837930,-2834.553343,1998.556043,11103.089130
4032.838245,-2757.943793,1702.473667,11473.192101
4032.838560,-2604.724693,1480.411884,11029.068536
4032.838875,-2068.457845,1554.432478,10955.047942
4032.839190,-1378.971896,1776.494261,10362.883188
4032.839506,-919.314598,2442.679609,9992.780217
4032.839821,0.000000,2664.741391,9474.636058
4032.840136,0.000000,2886.803174,9474.636058
4032.840451,306.438199,2960.823768,8290.306550
4032.840766,76.609550,2516.700203,8438.347739
4032.841081,-153.219100,2072.576638,9252.574275
